/*--------------------------------*- C++ -*----------------------------------*\
| =========                 |                                                 |
| \\      /  F ield         | OpenFOAM: The Open Source CFD Toolbox           |
|  \\    /   O peration     | Version:  2412                                  |
|   \\  /    A nd           | Website:  www.openfoam.com                      |
|    \\/     M anipulation  |                                                 |
\*---------------------------------------------------------------------------*/
FoamFile
{
    version     2.0;
    format      ascii;
    arch        "LSB;label=32;scalar=64";
    note        "nPoints:9317  nCells:7200  nFaces:23580  nInternalFaces:19620";
    class       labelList;
    location    "constant/polyMesh";
    object      neighbour;
}
// * * * * * * * * * * * * * * * * * * * * * * * * * * * * * * * * * * * * * //


19620
(
1
120
1200
2
121
1201
3
122
1202
4
123
1203
5
124
1204
6
125
1205
7
126
1206
8
127
1207
9
128
1208
10
129
1209
11
130
1210
12
131
1211
13
132
1212
14
133
1213
15
134
1214
16
135
1215
17
136
1216
18
137
1217
19
138
1218
20
139
1219
21
140
1220
22
141
1221
23
142
1222
24
143
1223
25
144
1224
26
145
1225
27
146
1226
28
147
1227
29
148
1228
30
149
1229
31
150
1230
32
151
1231
33
152
1232
34
153
1233
35
154
1234
36
155
1235
37
156
1236
38
157
1237
39
158
1238
40
159
1239
41
160
1240
42
161
1241
43
162
1242
44
163
1243
45
164
1244
46
165
1245
47
166
1246
48
167
1247
49
168
1248
50
169
1249
51
170
1250
52
171
1251
53
172
1252
54
173
1253
55
174
1254
56
175
1255
57
176
1256
58
177
1257
59
178
1258
60
179
1259
61
180
1260
62
181
1261
63
182
1262
64
183
1263
65
184
1264
66
185
1265
67
186
1266
68
187
1267
69
188
1268
70
189
1269
71
190
1270
72
191
1271
73
192
1272
74
193
1273
75
194
1274
76
195
1275
77
196
1276
78
197
1277
79
198
1278
80
199
1279
81
200
1280
82
201
1281
83
202
1282
84
203
1283
85
204
1284
86
205
1285
87
206
1286
88
207
1287
89
208
1288
90
209
1289
91
210
1290
92
211
1291
93
212
1292
94
213
1293
95
214
1294
96
215
1295
97
216
1296
98
217
1297
99
218
1298
100
219
1299
101
220
1300
102
221
1301
103
222
1302
104
223
1303
105
224
1304
106
225
1305
107
226
1306
108
227
1307
109
228
1308
110
229
1309
111
230
1310
112
231
1311
113
232
1312
114
233
1313
115
234
1314
116
235
1315
117
236
1316
118
237
1317
119
238
1318
239
1319
121
240
1320
122
241
1321
123
242
1322
124
243
1323
125
244
1324
126
245
1325
127
246
1326
128
247
1327
129
248
1328
130
249
1329
131
250
1330
132
251
1331
133
252
1332
134
253
1333
135
254
1334
136
255
1335
137
256
1336
138
257
1337
139
258
1338
140
259
1339
141
260
1340
142
261
1341
143
262
1342
144
263
1343
145
264
1344
146
265
1345
147
266
1346
148
267
1347
149
268
1348
150
269
1349
151
270
1350
152
271
1351
153
272
1352
154
273
1353
155
274
1354
156
275
1355
157
276
1356
158
277
1357
159
278
1358
160
279
1359
161
280
1360
162
281
1361
163
282
1362
164
283
1363
165
284
1364
166
285
1365
167
286
1366
168
287
1367
169
288
1368
170
289
1369
171
290
1370
172
291
1371
173
292
1372
174
293
1373
175
294
1374
176
295
1375
177
296
1376
178
297
1377
179
298
1378
180
299
1379
181
300
1380
182
301
1381
183
302
1382
184
303
1383
185
304
1384
186
305
1385
187
306
1386
188
307
1387
189
308
1388
190
309
1389
191
310
1390
192
311
1391
193
312
1392
194
313
1393
195
314
1394
196
315
1395
197
316
1396
198
317
1397
199
318
1398
200
319
1399
201
320
1400
202
321
1401
203
322
1402
204
323
1403
205
324
1404
206
325
1405
207
326
1406
208
327
1407
209
328
1408
210
329
1409
211
330
1410
212
331
1411
213
332
1412
214
333
1413
215
334
1414
216
335
1415
217
336
1416
218
337
1417
219
338
1418
220
339
1419
221
340
1420
222
341
1421
223
342
1422
224
343
1423
225
344
1424
226
345
1425
227
346
1426
228
347
1427
229
348
1428
230
349
1429
231
350
1430
232
351
1431
233
352
1432
234
353
1433
235
354
1434
236
355
1435
237
356
1436
238
357
1437
239
358
1438
359
1439
241
360
1440
242
361
1441
243
362
1442
244
363
1443
245
364
1444
246
365
1445
247
366
1446
248
367
1447
249
368
1448
250
369
1449
251
370
1450
252
371
1451
253
372
1452
254
373
1453
255
374
1454
256
375
1455
257
376
1456
258
377
1457
259
378
1458
260
379
1459
261
380
1460
262
381
1461
263
382
1462
264
383
1463
265
384
1464
266
385
1465
267
386
1466
268
387
1467
269
388
1468
270
389
1469
271
390
1470
272
391
1471
273
392
1472
274
393
1473
275
394
1474
276
395
1475
277
396
1476
278
397
1477
279
398
1478
280
399
1479
281
400
1480
282
401
1481
283
402
1482
284
403
1483
285
404
1484
286
405
1485
287
406
1486
288
407
1487
289
408
1488
290
409
1489
291
410
1490
292
411
1491
293
412
1492
294
413
1493
295
414
1494
296
415
1495
297
416
1496
298
417
1497
299
418
1498
300
419
1499
301
420
1500
302
421
1501
303
422
1502
304
423
1503
305
424
1504
306
425
1505
307
426
1506
308
427
1507
309
428
1508
310
429
1509
311
430
1510
312
431
1511
313
432
1512
314
433
1513
315
434
1514
316
435
1515
317
436
1516
318
437
1517
319
438
1518
320
439
1519
321
440
1520
322
441
1521
323
442
1522
324
443
1523
325
444
1524
326
445
1525
327
446
1526
328
447
1527
329
448
1528
330
449
1529
331
450
1530
332
451
1531
333
452
1532
334
453
1533
335
454
1534
336
455
1535
337
456
1536
338
457
1537
339
458
1538
340
459
1539
341
460
1540
342
461
1541
343
462
1542
344
463
1543
345
464
1544
346
465
1545
347
466
1546
348
467
1547
349
468
1548
350
469
1549
351
470
1550
352
471
1551
353
472
1552
354
473
1553
355
474
1554
356
475
1555
357
476
1556
358
477
1557
359
478
1558
479
1559
361
480
1560
362
481
1561
363
482
1562
364
483
1563
365
484
1564
366
485
1565
367
486
1566
368
487
1567
369
488
1568
370
489
1569
371
490
1570
372
491
1571
373
492
1572
374
493
1573
375
494
1574
376
495
1575
377
496
1576
378
497
1577
379
498
1578
380
499
1579
381
500
1580
382
501
1581
383
502
1582
384
503
1583
385
504
1584
386
505
1585
387
506
1586
388
507
1587
389
508
1588
390
509
1589
391
510
1590
392
511
1591
393
512
1592
394
513
1593
395
514
1594
396
515
1595
397
516
1596
398
517
1597
399
518
1598
400
519
1599
401
520
1600
402
521
1601
403
522
1602
404
523
1603
405
524
1604
406
525
1605
407
526
1606
408
527
1607
409
528
1608
410
529
1609
411
530
1610
412
531
1611
413
532
1612
414
533
1613
415
534
1614
416
535
1615
417
536
1616
418
537
1617
419
538
1618
420
539
1619
421
540
1620
422
541
1621
423
542
1622
424
543
1623
425
544
1624
426
545
1625
427
546
1626
428
547
1627
429
548
1628
430
549
1629
431
550
1630
432
551
1631
433
552
1632
434
553
1633
435
554
1634
436
555
1635
437
556
1636
438
557
1637
439
558
1638
440
559
1639
441
560
1640
442
561
1641
443
562
1642
444
563
1643
445
564
1644
446
565
1645
447
566
1646
448
567
1647
449
568
1648
450
569
1649
451
570
1650
452
571
1651
453
572
1652
454
573
1653
455
574
1654
456
575
1655
457
576
1656
458
577
1657
459
578
1658
460
579
1659
461
580
1660
462
581
1661
463
582
1662
464
583
1663
465
584
1664
466
585
1665
467
586
1666
468
587
1667
469
588
1668
470
589
1669
471
590
1670
472
591
1671
473
592
1672
474
593
1673
475
594
1674
476
595
1675
477
596
1676
478
597
1677
479
598
1678
599
1679
481
600
1680
482
601
1681
483
602
1682
484
603
1683
485
604
1684
486
605
1685
487
606
1686
488
607
1687
489
608
1688
490
609
1689
491
610
1690
492
611
1691
493
612
1692
494
613
1693
495
614
1694
496
615
1695
497
616
1696
498
617
1697
499
618
1698
500
619
1699
501
620
1700
502
621
1701
503
622
1702
504
623
1703
505
624
1704
506
625
1705
507
626
1706
508
627
1707
509
628
1708
510
629
1709
511
630
1710
512
631
1711
513
632
1712
514
633
1713
515
634
1714
516
635
1715
517
636
1716
518
637
1717
519
638
1718
520
639
1719
521
640
1720
522
641
1721
523
642
1722
524
643
1723
525
644
1724
526
645
1725
527
646
1726
528
647
1727
529
648
1728
530
649
1729
531
650
1730
532
651
1731
533
652
1732
534
653
1733
535
654
1734
536
655
1735
537
656
1736
538
657
1737
539
658
1738
540
659
1739
541
660
1740
542
661
1741
543
662
1742
544
663
1743
545
664
1744
546
665
1745
547
666
1746
548
667
1747
549
668
1748
550
669
1749
551
670
1750
552
671
1751
553
672
1752
554
673
1753
555
674
1754
556
675
1755
557
676
1756
558
677
1757
559
678
1758
560
679
1759
561
680
1760
562
681
1761
563
682
1762
564
683
1763
565
684
1764
566
685
1765
567
686
1766
568
687
1767
569
688
1768
570
689
1769
571
690
1770
572
691
1771
573
692
1772
574
693
1773
575
694
1774
576
695
1775
577
696
1776
578
697
1777
579
698
1778
580
699
1779
581
700
1780
582
701
1781
583
702
1782
584
703
1783
585
704
1784
586
705
1785
587
706
1786
588
707
1787
589
708
1788
590
709
1789
591
710
1790
592
711
1791
593
712
1792
594
713
1793
595
714
1794
596
715
1795
597
716
1796
598
717
1797
599
718
1798
719
1799
601
720
1800
602
721
1801
603
722
1802
604
723
1803
605
724
1804
606
725
1805
607
726
1806
608
727
1807
609
728
1808
610
729
1809
611
730
1810
612
731
1811
613
732
1812
614
733
1813
615
734
1814
616
735
1815
617
736
1816
618
737
1817
619
738
1818
620
739
1819
621
740
1820
622
741
1821
623
742
1822
624
743
1823
625
744
1824
626
745
1825
627
746
1826
628
747
1827
629
748
1828
630
749
1829
631
750
1830
632
751
1831
633
752
1832
634
753
1833
635
754
1834
636
755
1835
637
756
1836
638
757
1837
639
758
1838
640
759
1839
641
760
1840
642
761
1841
643
762
1842
644
763
1843
645
764
1844
646
765
1845
647
766
1846
648
767
1847
649
768
1848
650
769
1849
651
770
1850
652
771
1851
653
772
1852
654
773
1853
655
774
1854
656
775
1855
657
776
1856
658
777
1857
659
778
1858
660
779
1859
661
780
1860
662
781
1861
663
782
1862
664
783
1863
665
784
1864
666
785
1865
667
786
1866
668
787
1867
669
788
1868
670
789
1869
671
790
1870
672
791
1871
673
792
1872
674
793
1873
675
794
1874
676
795
1875
677
796
1876
678
797
1877
679
798
1878
680
799
1879
681
800
1880
682
801
1881
683
802
1882
684
803
1883
685
804
1884
686
805
1885
687
806
1886
688
807
1887
689
808
1888
690
809
1889
691
810
1890
692
811
1891
693
812
1892
694
813
1893
695
814
1894
696
815
1895
697
816
1896
698
817
1897
699
818
1898
700
819
1899
701
820
1900
702
821
1901
703
822
1902
704
823
1903
705
824
1904
706
825
1905
707
826
1906
708
827
1907
709
828
1908
710
829
1909
711
830
1910
712
831
1911
713
832
1912
714
833
1913
715
834
1914
716
835
1915
717
836
1916
718
837
1917
719
838
1918
839
1919
721
840
1920
722
841
1921
723
842
1922
724
843
1923
725
844
1924
726
845
1925
727
846
1926
728
847
1927
729
848
1928
730
849
1929
731
850
1930
732
851
1931
733
852
1932
734
853
1933
735
854
1934
736
855
1935
737
856
1936
738
857
1937
739
858
1938
740
859
1939
741
860
1940
742
861
1941
743
862
1942
744
863
1943
745
864
1944
746
865
1945
747
866
1946
748
867
1947
749
868
1948
750
869
1949
751
870
1950
752
871
1951
753
872
1952
754
873
1953
755
874
1954
756
875
1955
757
876
1956
758
877
1957
759
878
1958
760
879
1959
761
880
1960
762
881
1961
763
882
1962
764
883
1963
765
884
1964
766
885
1965
767
886
1966
768
887
1967
769
888
1968
770
889
1969
771
890
1970
772
891
1971
773
892
1972
774
893
1973
775
894
1974
776
895
1975
777
896
1976
778
897
1977
779
898
1978
780
899
1979
781
900
1980
782
901
1981
783
902
1982
784
903
1983
785
904
1984
786
905
1985
787
906
1986
788
907
1987
789
908
1988
790
909
1989
791
910
1990
792
911
1991
793
912
1992
794
913
1993
795
914
1994
796
915
1995
797
916
1996
798
917
1997
799
918
1998
800
919
1999
801
920
2000
802
921
2001
803
922
2002
804
923
2003
805
924
2004
806
925
2005
807
926
2006
808
927
2007
809
928
2008
810
929
2009
811
930
2010
812
931
2011
813
932
2012
814
933
2013
815
934
2014
816
935
2015
817
936
2016
818
937
2017
819
938
2018
820
939
2019
821
940
2020
822
941
2021
823
942
2022
824
943
2023
825
944
2024
826
945
2025
827
946
2026
828
947
2027
829
948
2028
830
949
2029
831
950
2030
832
951
2031
833
952
2032
834
953
2033
835
954
2034
836
955
2035
837
956
2036
838
957
2037
839
958
2038
959
2039
841
960
2040
842
961
2041
843
962
2042
844
963
2043
845
964
2044
846
965
2045
847
966
2046
848
967
2047
849
968
2048
850
969
2049
851
970
2050
852
971
2051
853
972
2052
854
973
2053
855
974
2054
856
975
2055
857
976
2056
858
977
2057
859
978
2058
860
979
2059
861
980
2060
862
981
2061
863
982
2062
864
983
2063
865
984
2064
866
985
2065
867
986
2066
868
987
2067
869
988
2068
870
989
2069
871
990
2070
872
991
2071
873
992
2072
874
993
2073
875
994
2074
876
995
2075
877
996
2076
878
997
2077
879
998
2078
880
999
2079
881
1000
2080
882
1001
2081
883
1002
2082
884
1003
2083
885
1004
2084
886
1005
2085
887
1006
2086
888
1007
2087
889
1008
2088
890
1009
2089
891
1010
2090
892
1011
2091
893
1012
2092
894
1013
2093
895
1014
2094
896
1015
2095
897
1016
2096
898
1017
2097
899
1018
2098
900
1019
2099
901
1020
2100
902
1021
2101
903
1022
2102
904
1023
2103
905
1024
2104
906
1025
2105
907
1026
2106
908
1027
2107
909
1028
2108
910
1029
2109
911
1030
2110
912
1031
2111
913
1032
2112
914
1033
2113
915
1034
2114
916
1035
2115
917
1036
2116
918
1037
2117
919
1038
2118
920
1039
2119
921
1040
2120
922
1041
2121
923
1042
2122
924
1043
2123
925
1044
2124
926
1045
2125
927
1046
2126
928
1047
2127
929
1048
2128
930
1049
2129
931
1050
2130
932
1051
2131
933
1052
2132
934
1053
2133
935
1054
2134
936
1055
2135
937
1056
2136
938
1057
2137
939
1058
2138
940
1059
2139
941
1060
2140
942
1061
2141
943
1062
2142
944
1063
2143
945
1064
2144
946
1065
2145
947
1066
2146
948
1067
2147
949
1068
2148
950
1069
2149
951
1070
2150
952
1071
2151
953
1072
2152
954
1073
2153
955
1074
2154
956
1075
2155
957
1076
2156
958
1077
2157
959
1078
2158
1079
2159
961
1080
2160
962
1081
2161
963
1082
2162
964
1083
2163
965
1084
2164
966
1085
2165
967
1086
2166
968
1087
2167
969
1088
2168
970
1089
2169
971
1090
2170
972
1091
2171
973
1092
2172
974
1093
2173
975
1094
2174
976
1095
2175
977
1096
2176
978
1097
2177
979
1098
2178
980
1099
2179
981
1100
2180
982
1101
2181
983
1102
2182
984
1103
2183
985
1104
2184
986
1105
2185
987
1106
2186
988
1107
2187
989
1108
2188
990
1109
2189
991
1110
2190
992
1111
2191
993
1112
2192
994
1113
2193
995
1114
2194
996
1115
2195
997
1116
2196
998
1117
2197
999
1118
2198
1000
1119
2199
1001
1120
2200
1002
1121
2201
1003
1122
2202
1004
1123
2203
1005
1124
2204
1006
1125
2205
1007
1126
2206
1008
1127
2207
1009
1128
2208
1010
1129
2209
1011
1130
2210
1012
1131
2211
1013
1132
2212
1014
1133
2213
1015
1134
2214
1016
1135
2215
1017
1136
2216
1018
1137
2217
1019
1138
2218
1020
1139
2219
1021
1140
2220
1022
1141
2221
1023
1142
2222
1024
1143
2223
1025
1144
2224
1026
1145
2225
1027
1146
2226
1028
1147
2227
1029
1148
2228
1030
1149
2229
1031
1150
2230
1032
1151
2231
1033
1152
2232
1034
1153
2233
1035
1154
2234
1036
1155
2235
1037
1156
2236
1038
1157
2237
1039
1158
2238
1040
1159
2239
1041
1160
2240
1042
1161
2241
1043
1162
2242
1044
1163
2243
1045
1164
2244
1046
1165
2245
1047
1166
2246
1048
1167
2247
1049
1168
2248
1050
1169
2249
1051
1170
2250
1052
1171
2251
1053
1172
2252
1054
1173
2253
1055
1174
2254
1056
1175
2255
1057
1176
2256
1058
1177
2257
1059
1178
2258
1060
1179
2259
1061
1180
2260
1062
1181
2261
1063
1182
2262
1064
1183
2263
1065
1184
2264
1066
1185
2265
1067
1186
2266
1068
1187
2267
1069
1188
2268
1070
1189
2269
1071
1190
2270
1072
1191
2271
1073
1192
2272
1074
1193
2273
1075
1194
2274
1076
1195
2275
1077
1196
2276
1078
1197
2277
1079
1198
2278
1199
2279
1081
2280
1082
2281
1083
2282
1084
2283
1085
2284
1086
2285
1087
2286
1088
2287
1089
2288
1090
2289
1091
2290
1092
2291
1093
2292
1094
2293
1095
2294
1096
2295
1097
2296
1098
2297
1099
2298
1100
2299
1101
2300
1102
2301
1103
2302
1104
2303
1105
2304
1106
2305
1107
2306
1108
2307
1109
2308
1110
2309
1111
2310
1112
2311
1113
2312
1114
2313
1115
2314
1116
2315
1117
2316
1118
2317
1119
2318
1120
2319
1121
2320
1122
2321
1123
2322
1124
2323
1125
2324
1126
2325
1127
2326
1128
2327
1129
2328
1130
2329
1131
2330
1132
2331
1133
2332
1134
2333
1135
2334
1136
2335
1137
2336
1138
2337
1139
2338
1140
2339
1141
2340
1142
2341
1143
2342
1144
2343
1145
2344
1146
2345
1147
2346
1148
2347
1149
2348
1150
2349
1151
2350
1152
2351
1153
2352
1154
2353
1155
2354
1156
2355
1157
2356
1158
2357
1159
2358
1160
2359
1161
2360
1162
2361
1163
2362
1164
2363
1165
2364
1166
2365
1167
2366
1168
2367
1169
2368
1170
2369
1171
2370
1172
2371
1173
2372
1174
2373
1175
2374
1176
2375
1177
2376
1178
2377
1179
2378
1180
2379
1181
2380
1182
2381
1183
2382
1184
2383
1185
2384
1186
2385
1187
2386
1188
2387
1189
2388
1190
2389
1191
2390
1192
2391
1193
2392
1194
2393
1195
2394
1196
2395
1197
2396
1198
2397
1199
2398
2399
1201
1320
2400
1202
1321
2401
1203
1322
2402
1204
1323
2403
1205
1324
2404
1206
1325
2405
1207
1326
2406
1208
1327
2407
1209
1328
2408
1210
1329
2409
1211
1330
2410
1212
1331
2411
1213
1332
2412
1214
1333
2413
1215
1334
2414
1216
1335
2415
1217
1336
2416
1218
1337
2417
1219
1338
2418
1220
1339
2419
1221
1340
2420
1222
1341
2421
1223
1342
2422
1224
1343
2423
1225
1344
2424
1226
1345
2425
1227
1346
2426
1228
1347
2427
1229
1348
2428
1230
1349
2429
1231
1350
2430
1232
1351
2431
1233
1352
2432
1234
1353
2433
1235
1354
2434
1236
1355
2435
1237
1356
2436
1238
1357
2437
1239
1358
2438
1240
1359
2439
1241
1360
2440
1242
1361
2441
1243
1362
2442
1244
1363
2443
1245
1364
2444
1246
1365
2445
1247
1366
2446
1248
1367
2447
1249
1368
2448
1250
1369
2449
1251
1370
2450
1252
1371
2451
1253
1372
2452
1254
1373
2453
1255
1374
2454
1256
1375
2455
1257
1376
2456
1258
1377
2457
1259
1378
2458
1260
1379
2459
1261
1380
2460
1262
1381
2461
1263
1382
2462
1264
1383
2463
1265
1384
2464
1266
1385
2465
1267
1386
2466
1268
1387
2467
1269
1388
2468
1270
1389
2469
1271
1390
2470
1272
1391
2471
1273
1392
2472
1274
1393
2473
1275
1394
2474
1276
1395
2475
1277
1396
2476
1278
1397
2477
1279
1398
2478
1280
1399
2479
1281
1400
2480
1282
1401
2481
1283
1402
2482
1284
1403
2483
1285
1404
2484
1286
1405
2485
1287
1406
2486
1288
1407
2487
1289
1408
2488
1290
1409
2489
1291
1410
2490
1292
1411
2491
1293
1412
2492
1294
1413
2493
1295
1414
2494
1296
1415
2495
1297
1416
2496
1298
1417
2497
1299
1418
2498
1300
1419
2499
1301
1420
2500
1302
1421
2501
1303
1422
2502
1304
1423
2503
1305
1424
2504
1306
1425
2505
1307
1426
2506
1308
1427
2507
1309
1428
2508
1310
1429
2509
1311
1430
2510
1312
1431
2511
1313
1432
2512
1314
1433
2513
1315
1434
2514
1316
1435
2515
1317
1436
2516
1318
1437
2517
1319
1438
2518
1439
2519
1321
1440
2520
1322
1441
2521
1323
1442
2522
1324
1443
2523
1325
1444
2524
1326
1445
2525
1327
1446
2526
1328
1447
2527
1329
1448
2528
1330
1449
2529
1331
1450
2530
1332
1451
2531
1333
1452
2532
1334
1453
2533
1335
1454
2534
1336
1455
2535
1337
1456
2536
1338
1457
2537
1339
1458
2538
1340
1459
2539
1341
1460
2540
1342
1461
2541
1343
1462
2542
1344
1463
2543
1345
1464
2544
1346
1465
2545
1347
1466
2546
1348
1467
2547
1349
1468
2548
1350
1469
2549
1351
1470
2550
1352
1471
2551
1353
1472
2552
1354
1473
2553
1355
1474
2554
1356
1475
2555
1357
1476
2556
1358
1477
2557
1359
1478
2558
1360
1479
2559
1361
1480
2560
1362
1481
2561
1363
1482
2562
1364
1483
2563
1365
1484
2564
1366
1485
2565
1367
1486
2566
1368
1487
2567
1369
1488
2568
1370
1489
2569
1371
1490
2570
1372
1491
2571
1373
1492
2572
1374
1493
2573
1375
1494
2574
1376
1495
2575
1377
1496
2576
1378
1497
2577
1379
1498
2578
1380
1499
2579
1381
1500
2580
1382
1501
2581
1383
1502
2582
1384
1503
2583
1385
1504
2584
1386
1505
2585
1387
1506
2586
1388
1507
2587
1389
1508
2588
1390
1509
2589
1391
1510
2590
1392
1511
2591
1393
1512
2592
1394
1513
2593
1395
1514
2594
1396
1515
2595
1397
1516
2596
1398
1517
2597
1399
1518
2598
1400
1519
2599
1401
1520
2600
1402
1521
2601
1403
1522
2602
1404
1523
2603
1405
1524
2604
1406
1525
2605
1407
1526
2606
1408
1527
2607
1409
1528
2608
1410
1529
2609
1411
1530
2610
1412
1531
2611
1413
1532
2612
1414
1533
2613
1415
1534
2614
1416
1535
2615
1417
1536
2616
1418
1537
2617
1419
1538
2618
1420
1539
2619
1421
1540
2620
1422
1541
2621
1423
1542
2622
1424
1543
2623
1425
1544
2624
1426
1545
2625
1427
1546
2626
1428
1547
2627
1429
1548
2628
1430
1549
2629
1431
1550
2630
1432
1551
2631
1433
1552
2632
1434
1553
2633
1435
1554
2634
1436
1555
2635
1437
1556
2636
1438
1557
2637
1439
1558
2638
1559
2639
1441
1560
2640
1442
1561
2641
1443
1562
2642
1444
1563
2643
1445
1564
2644
1446
1565
2645
1447
1566
2646
1448
1567
2647
1449
1568
2648
1450
1569
2649
1451
1570
2650
1452
1571
2651
1453
1572
2652
1454
1573
2653
1455
1574
2654
1456
1575
2655
1457
1576
2656
1458
1577
2657
1459
1578
2658
1460
1579
2659
1461
1580
2660
1462
1581
2661
1463
1582
2662
1464
1583
2663
1465
1584
2664
1466
1585
2665
1467
1586
2666
1468
1587
2667
1469
1588
2668
1470
1589
2669
1471
1590
2670
1472
1591
2671
1473
1592
2672
1474
1593
2673
1475
1594
2674
1476
1595
2675
1477
1596
2676
1478
1597
2677
1479
1598
2678
1480
1599
2679
1481
1600
2680
1482
1601
2681
1483
1602
2682
1484
1603
2683
1485
1604
2684
1486
1605
2685
1487
1606
2686
1488
1607
2687
1489
1608
2688
1490
1609
2689
1491
1610
2690
1492
1611
2691
1493
1612
2692
1494
1613
2693
1495
1614
2694
1496
1615
2695
1497
1616
2696
1498
1617
2697
1499
1618
2698
1500
1619
2699
1501
1620
2700
1502
1621
2701
1503
1622
2702
1504
1623
2703
1505
1624
2704
1506
1625
2705
1507
1626
2706
1508
1627
2707
1509
1628
2708
1510
1629
2709
1511
1630
2710
1512
1631
2711
1513
1632
2712
1514
1633
2713
1515
1634
2714
1516
1635
2715
1517
1636
2716
1518
1637
2717
1519
1638
2718
1520
1639
2719
1521
1640
2720
1522
1641
2721
1523
1642
2722
1524
1643
2723
1525
1644
2724
1526
1645
2725
1527
1646
2726
1528
1647
2727
1529
1648
2728
1530
1649
2729
1531
1650
2730
1532
1651
2731
1533
1652
2732
1534
1653
2733
1535
1654
2734
1536
1655
2735
1537
1656
2736
1538
1657
2737
1539
1658
2738
1540
1659
2739
1541
1660
2740
1542
1661
2741
1543
1662
2742
1544
1663
2743
1545
1664
2744
1546
1665
2745
1547
1666
2746
1548
1667
2747
1549
1668
2748
1550
1669
2749
1551
1670
2750
1552
1671
2751
1553
1672
2752
1554
1673
2753
1555
1674
2754
1556
1675
2755
1557
1676
2756
1558
1677
2757
1559
1678
2758
1679
2759
1561
1680
2760
1562
1681
2761
1563
1682
2762
1564
1683
2763
1565
1684
2764
1566
1685
2765
1567
1686
2766
1568
1687
2767
1569
1688
2768
1570
1689
2769
1571
1690
2770
1572
1691
2771
1573
1692
2772
1574
1693
2773
1575
1694
2774
1576
1695
2775
1577
1696
2776
1578
1697
2777
1579
1698
2778
1580
1699
2779
1581
1700
2780
1582
1701
2781
1583
1702
2782
1584
1703
2783
1585
1704
2784
1586
1705
2785
1587
1706
2786
1588
1707
2787
1589
1708
2788
1590
1709
2789
1591
1710
2790
1592
1711
2791
1593
1712
2792
1594
1713
2793
1595
1714
2794
1596
1715
2795
1597
1716
2796
1598
1717
2797
1599
1718
2798
1600
1719
2799
1601
1720
2800
1602
1721
2801
1603
1722
2802
1604
1723
2803
1605
1724
2804
1606
1725
2805
1607
1726
2806
1608
1727
2807
1609
1728
2808
1610
1729
2809
1611
1730
2810
1612
1731
2811
1613
1732
2812
1614
1733
2813
1615
1734
2814
1616
1735
2815
1617
1736
2816
1618
1737
2817
1619
1738
2818
1620
1739
2819
1621
1740
2820
1622
1741
2821
1623
1742
2822
1624
1743
2823
1625
1744
2824
1626
1745
2825
1627
1746
2826
1628
1747
2827
1629
1748
2828
1630
1749
2829
1631
1750
2830
1632
1751
2831
1633
1752
2832
1634
1753
2833
1635
1754
2834
1636
1755
2835
1637
1756
2836
1638
1757
2837
1639
1758
2838
1640
1759
2839
1641
1760
2840
1642
1761
2841
1643
1762
2842
1644
1763
2843
1645
1764
2844
1646
1765
2845
1647
1766
2846
1648
1767
2847
1649
1768
2848
1650
1769
2849
1651
1770
2850
1652
1771
2851
1653
1772
2852
1654
1773
2853
1655
1774
2854
1656
1775
2855
1657
1776
2856
1658
1777
2857
1659
1778
2858
1660
1779
2859
1661
1780
2860
1662
1781
2861
1663
1782
2862
1664
1783
2863
1665
1784
2864
1666
1785
2865
1667
1786
2866
1668
1787
2867
1669
1788
2868
1670
1789
2869
1671
1790
2870
1672
1791
2871
1673
1792
2872
1674
1793
2873
1675
1794
2874
1676
1795
2875
1677
1796
2876
1678
1797
2877
1679
1798
2878
1799
2879
1681
1800
2880
1682
1801
2881
1683
1802
2882
1684
1803
2883
1685
1804
2884
1686
1805
2885
1687
1806
2886
1688
1807
2887
1689
1808
2888
1690
1809
2889
1691
1810
2890
1692
1811
2891
1693
1812
2892
1694
1813
2893
1695
1814
2894
1696
1815
2895
1697
1816
2896
1698
1817
2897
1699
1818
2898
1700
1819
2899
1701
1820
2900
1702
1821
2901
1703
1822
2902
1704
1823
2903
1705
1824
2904
1706
1825
2905
1707
1826
2906
1708
1827
2907
1709
1828
2908
1710
1829
2909
1711
1830
2910
1712
1831
2911
1713
1832
2912
1714
1833
2913
1715
1834
2914
1716
1835
2915
1717
1836
2916
1718
1837
2917
1719
1838
2918
1720
1839
2919
1721
1840
2920
1722
1841
2921
1723
1842
2922
1724
1843
2923
1725
1844
2924
1726
1845
2925
1727
1846
2926
1728
1847
2927
1729
1848
2928
1730
1849
2929
1731
1850
2930
1732
1851
2931
1733
1852
2932
1734
1853
2933
1735
1854
2934
1736
1855
2935
1737
1856
2936
1738
1857
2937
1739
1858
2938
1740
1859
2939
1741
1860
2940
1742
1861
2941
1743
1862
2942
1744
1863
2943
1745
1864
2944
1746
1865
2945
1747
1866
2946
1748
1867
2947
1749
1868
2948
1750
1869
2949
1751
1870
2950
1752
1871
2951
1753
1872
2952
1754
1873
2953
1755
1874
2954
1756
1875
2955
1757
1876
2956
1758
1877
2957
1759
1878
2958
1760
1879
2959
1761
1880
2960
1762
1881
2961
1763
1882
2962
1764
1883
2963
1765
1884
2964
1766
1885
2965
1767
1886
2966
1768
1887
2967
1769
1888
2968
1770
1889
2969
1771
1890
2970
1772
1891
2971
1773
1892
2972
1774
1893
2973
1775
1894
2974
1776
1895
2975
1777
1896
2976
1778
1897
2977
1779
1898
2978
1780
1899
2979
1781
1900
2980
1782
1901
2981
1783
1902
2982
1784
1903
2983
1785
1904
2984
1786
1905
2985
1787
1906
2986
1788
1907
2987
1789
1908
2988
1790
1909
2989
1791
1910
2990
1792
1911
2991
1793
1912
2992
1794
1913
2993
1795
1914
2994
1796
1915
2995
1797
1916
2996
1798
1917
2997
1799
1918
2998
1919
2999
1801
1920
3000
1802
1921
3001
1803
1922
3002
1804
1923
3003
1805
1924
3004
1806
1925
3005
1807
1926
3006
1808
1927
3007
1809
1928
3008
1810
1929
3009
1811
1930
3010
1812
1931
3011
1813
1932
3012
1814
1933
3013
1815
1934
3014
1816
1935
3015
1817
1936
3016
1818
1937
3017
1819
1938
3018
1820
1939
3019
1821
1940
3020
1822
1941
3021
1823
1942
3022
1824
1943
3023
1825
1944
3024
1826
1945
3025
1827
1946
3026
1828
1947
3027
1829
1948
3028
1830
1949
3029
1831
1950
3030
1832
1951
3031
1833
1952
3032
1834
1953
3033
1835
1954
3034
1836
1955
3035
1837
1956
3036
1838
1957
3037
1839
1958
3038
1840
1959
3039
1841
1960
3040
1842
1961
3041
1843
1962
3042
1844
1963
3043
1845
1964
3044
1846
1965
3045
1847
1966
3046
1848
1967
3047
1849
1968
3048
1850
1969
3049
1851
1970
3050
1852
1971
3051
1853
1972
3052
1854
1973
3053
1855
1974
3054
1856
1975
3055
1857
1976
3056
1858
1977
3057
1859
1978
3058
1860
1979
3059
1861
1980
3060
1862
1981
3061
1863
1982
3062
1864
1983
3063
1865
1984
3064
1866
1985
3065
1867
1986
3066
1868
1987
3067
1869
1988
3068
1870
1989
3069
1871
1990
3070
1872
1991
3071
1873
1992
3072
1874
1993
3073
1875
1994
3074
1876
1995
3075
1877
1996
3076
1878
1997
3077
1879
1998
3078
1880
1999
3079
1881
2000
3080
1882
2001
3081
1883
2002
3082
1884
2003
3083
1885
2004
3084
1886
2005
3085
1887
2006
3086
1888
2007
3087
1889
2008
3088
1890
2009
3089
1891
2010
3090
1892
2011
3091
1893
2012
3092
1894
2013
3093
1895
2014
3094
1896
2015
3095
1897
2016
3096
1898
2017
3097
1899
2018
3098
1900
2019
3099
1901
2020
3100
1902
2021
3101
1903
2022
3102
1904
2023
3103
1905
2024
3104
1906
2025
3105
1907
2026
3106
1908
2027
3107
1909
2028
3108
1910
2029
3109
1911
2030
3110
1912
2031
3111
1913
2032
3112
1914
2033
3113
1915
2034
3114
1916
2035
3115
1917
2036
3116
1918
2037
3117
1919
2038
3118
2039
3119
1921
2040
3120
1922
2041
3121
1923
2042
3122
1924
2043
3123
1925
2044
3124
1926
2045
3125
1927
2046
3126
1928
2047
3127
1929
2048
3128
1930
2049
3129
1931
2050
3130
1932
2051
3131
1933
2052
3132
1934
2053
3133
1935
2054
3134
1936
2055
3135
1937
2056
3136
1938
2057
3137
1939
2058
3138
1940
2059
3139
1941
2060
3140
1942
2061
3141
1943
2062
3142
1944
2063
3143
1945
2064
3144
1946
2065
3145
1947
2066
3146
1948
2067
3147
1949
2068
3148
1950
2069
3149
1951
2070
3150
1952
2071
3151
1953
2072
3152
1954
2073
3153
1955
2074
3154
1956
2075
3155
1957
2076
3156
1958
2077
3157
1959
2078
3158
1960
2079
3159
1961
2080
3160
1962
2081
3161
1963
2082
3162
1964
2083
3163
1965
2084
3164
1966
2085
3165
1967
2086
3166
1968
2087
3167
1969
2088
3168
1970
2089
3169
1971
2090
3170
1972
2091
3171
1973
2092
3172
1974
2093
3173
1975
2094
3174
1976
2095
3175
1977
2096
3176
1978
2097
3177
1979
2098
3178
1980
2099
3179
1981
2100
3180
1982
2101
3181
1983
2102
3182
1984
2103
3183
1985
2104
3184
1986
2105
3185
1987
2106
3186
1988
2107
3187
1989
2108
3188
1990
2109
3189
1991
2110
3190
1992
2111
3191
1993
2112
3192
1994
2113
3193
1995
2114
3194
1996
2115
3195
1997
2116
3196
1998
2117
3197
1999
2118
3198
2000
2119
3199
2001
2120
3200
2002
2121
3201
2003
2122
3202
2004
2123
3203
2005
2124
3204
2006
2125
3205
2007
2126
3206
2008
2127
3207
2009
2128
3208
2010
2129
3209
2011
2130
3210
2012
2131
3211
2013
2132
3212
2014
2133
3213
2015
2134
3214
2016
2135
3215
2017
2136
3216
2018
2137
3217
2019
2138
3218
2020
2139
3219
2021
2140
3220
2022
2141
3221
2023
2142
3222
2024
2143
3223
2025
2144
3224
2026
2145
3225
2027
2146
3226
2028
2147
3227
2029
2148
3228
2030
2149
3229
2031
2150
3230
2032
2151
3231
2033
2152
3232
2034
2153
3233
2035
2154
3234
2036
2155
3235
2037
2156
3236
2038
2157
3237
2039
2158
3238
2159
3239
2041
2160
3240
2042
2161
3241
2043
2162
3242
2044
2163
3243
2045
2164
3244
2046
2165
3245
2047
2166
3246
2048
2167
3247
2049
2168
3248
2050
2169
3249
2051
2170
3250
2052
2171
3251
2053
2172
3252
2054
2173
3253
2055
2174
3254
2056
2175
3255
2057
2176
3256
2058
2177
3257
2059
2178
3258
2060
2179
3259
2061
2180
3260
2062
2181
3261
2063
2182
3262
2064
2183
3263
2065
2184
3264
2066
2185
3265
2067
2186
3266
2068
2187
3267
2069
2188
3268
2070
2189
3269
2071
2190
3270
2072
2191
3271
2073
2192
3272
2074
2193
3273
2075
2194
3274
2076
2195
3275
2077
2196
3276
2078
2197
3277
2079
2198
3278
2080
2199
3279
2081
2200
3280
2082
2201
3281
2083
2202
3282
2084
2203
3283
2085
2204
3284
2086
2205
3285
2087
2206
3286
2088
2207
3287
2089
2208
3288
2090
2209
3289
2091
2210
3290
2092
2211
3291
2093
2212
3292
2094
2213
3293
2095
2214
3294
2096
2215
3295
2097
2216
3296
2098
2217
3297
2099
2218
3298
2100
2219
3299
2101
2220
3300
2102
2221
3301
2103
2222
3302
2104
2223
3303
2105
2224
3304
2106
2225
3305
2107
2226
3306
2108
2227
3307
2109
2228
3308
2110
2229
3309
2111
2230
3310
2112
2231
3311
2113
2232
3312
2114
2233
3313
2115
2234
3314
2116
2235
3315
2117
2236
3316
2118
2237
3317
2119
2238
3318
2120
2239
3319
2121
2240
3320
2122
2241
3321
2123
2242
3322
2124
2243
3323
2125
2244
3324
2126
2245
3325
2127
2246
3326
2128
2247
3327
2129
2248
3328
2130
2249
3329
2131
2250
3330
2132
2251
3331
2133
2252
3332
2134
2253
3333
2135
2254
3334
2136
2255
3335
2137
2256
3336
2138
2257
3337
2139
2258
3338
2140
2259
3339
2141
2260
3340
2142
2261
3341
2143
2262
3342
2144
2263
3343
2145
2264
3344
2146
2265
3345
2147
2266
3346
2148
2267
3347
2149
2268
3348
2150
2269
3349
2151
2270
3350
2152
2271
3351
2153
2272
3352
2154
2273
3353
2155
2274
3354
2156
2275
3355
2157
2276
3356
2158
2277
3357
2159
2278
3358
2279
3359
2161
2280
3360
2162
2281
3361
2163
2282
3362
2164
2283
3363
2165
2284
3364
2166
2285
3365
2167
2286
3366
2168
2287
3367
2169
2288
3368
2170
2289
3369
2171
2290
3370
2172
2291
3371
2173
2292
3372
2174
2293
3373
2175
2294
3374
2176
2295
3375
2177
2296
3376
2178
2297
3377
2179
2298
3378
2180
2299
3379
2181
2300
3380
2182
2301
3381
2183
2302
3382
2184
2303
3383
2185
2304
3384
2186
2305
3385
2187
2306
3386
2188
2307
3387
2189
2308
3388
2190
2309
3389
2191
2310
3390
2192
2311
3391
2193
2312
3392
2194
2313
3393
2195
2314
3394
2196
2315
3395
2197
2316
3396
2198
2317
3397
2199
2318
3398
2200
2319
3399
2201
2320
3400
2202
2321
3401
2203
2322
3402
2204
2323
3403
2205
2324
3404
2206
2325
3405
2207
2326
3406
2208
2327
3407
2209
2328
3408
2210
2329
3409
2211
2330
3410
2212
2331
3411
2213
2332
3412
2214
2333
3413
2215
2334
3414
2216
2335
3415
2217
2336
3416
2218
2337
3417
2219
2338
3418
2220
2339
3419
2221
2340
3420
2222
2341
3421
2223
2342
3422
2224
2343
3423
2225
2344
3424
2226
2345
3425
2227
2346
3426
2228
2347
3427
2229
2348
3428
2230
2349
3429
2231
2350
3430
2232
2351
3431
2233
2352
3432
2234
2353
3433
2235
2354
3434
2236
2355
3435
2237
2356
3436
2238
2357
3437
2239
2358
3438
2240
2359
3439
2241
2360
3440
2242
2361
3441
2243
2362
3442
2244
2363
3443
2245
2364
3444
2246
2365
3445
2247
2366
3446
2248
2367
3447
2249
2368
3448
2250
2369
3449
2251
2370
3450
2252
2371
3451
2253
2372
3452
2254
2373
3453
2255
2374
3454
2256
2375
3455
2257
2376
3456
2258
2377
3457
2259
2378
3458
2260
2379
3459
2261
2380
3460
2262
2381
3461
2263
2382
3462
2264
2383
3463
2265
2384
3464
2266
2385
3465
2267
2386
3466
2268
2387
3467
2269
2388
3468
2270
2389
3469
2271
2390
3470
2272
2391
3471
2273
2392
3472
2274
2393
3473
2275
2394
3474
2276
2395
3475
2277
2396
3476
2278
2397
3477
2279
2398
3478
2399
3479
2281
3480
2282
3481
2283
3482
2284
3483
2285
3484
2286
3485
2287
3486
2288
3487
2289
3488
2290
3489
2291
3490
2292
3491
2293
3492
2294
3493
2295
3494
2296
3495
2297
3496
2298
3497
2299
3498
2300
3499
2301
3500
2302
3501
2303
3502
2304
3503
2305
3504
2306
3505
2307
3506
2308
3507
2309
3508
2310
3509
2311
3510
2312
3511
2313
3512
2314
3513
2315
3514
2316
3515
2317
3516
2318
3517
2319
3518
2320
3519
2321
3520
2322
3521
2323
3522
2324
3523
2325
3524
2326
3525
2327
3526
2328
3527
2329
3528
2330
3529
2331
3530
2332
3531
2333
3532
2334
3533
2335
3534
2336
3535
2337
3536
2338
3537
2339
3538
2340
3539
2341
3540
2342
3541
2343
3542
2344
3543
2345
3544
2346
3545
2347
3546
2348
3547
2349
3548
2350
3549
2351
3550
2352
3551
2353
3552
2354
3553
2355
3554
2356
3555
2357
3556
2358
3557
2359
3558
2360
3559
2361
3560
2362
3561
2363
3562
2364
3563
2365
3564
2366
3565
2367
3566
2368
3567
2369
3568
2370
3569
2371
3570
2372
3571
2373
3572
2374
3573
2375
3574
2376
3575
2377
3576
2378
3577
2379
3578
2380
3579
2381
3580
2382
3581
2383
3582
2384
3583
2385
3584
2386
3585
2387
3586
2388
3587
2389
3588
2390
3589
2391
3590
2392
3591
2393
3592
2394
3593
2395
3594
2396
3595
2397
3596
2398
3597
2399
3598
3599
2401
2520
3600
2402
2521
3601
2403
2522
3602
2404
2523
3603
2405
2524
3604
2406
2525
3605
2407
2526
3606
2408
2527
3607
2409
2528
3608
2410
2529
3609
2411
2530
3610
2412
2531
3611
2413
2532
3612
2414
2533
3613
2415
2534
3614
2416
2535
3615
2417
2536
3616
2418
2537
3617
2419
2538
3618
2420
2539
3619
2421
2540
3620
2422
2541
3621
2423
2542
3622
2424
2543
3623
2425
2544
3624
2426
2545
3625
2427
2546
3626
2428
2547
3627
2429
2548
3628
2430
2549
3629
2431
2550
3630
2432
2551
3631
2433
2552
3632
2434
2553
3633
2435
2554
3634
2436
2555
3635
2437
2556
3636
2438
2557
3637
2439
2558
3638
2440
2559
3639
2441
2560
3640
2442
2561
3641
2443
2562
3642
2444
2563
3643
2445
2564
3644
2446
2565
3645
2447
2566
3646
2448
2567
3647
2449
2568
3648
2450
2569
3649
2451
2570
3650
2452
2571
3651
2453
2572
3652
2454
2573
3653
2455
2574
3654
2456
2575
3655
2457
2576
3656
2458
2577
3657
2459
2578
3658
2460
2579
3659
2461
2580
3660
2462
2581
3661
2463
2582
3662
2464
2583
3663
2465
2584
3664
2466
2585
3665
2467
2586
3666
2468
2587
3667
2469
2588
3668
2470
2589
3669
2471
2590
3670
2472
2591
3671
2473
2592
3672
2474
2593
3673
2475
2594
3674
2476
2595
3675
2477
2596
3676
2478
2597
3677
2479
2598
3678
2480
2599
3679
2481
2600
3680
2482
2601
3681
2483
2602
3682
2484
2603
3683
2485
2604
3684
2486
2605
3685
2487
2606
3686
2488
2607
3687
2489
2608
3688
2490
2609
3689
2491
2610
3690
2492
2611
3691
2493
2612
3692
2494
2613
3693
2495
2614
3694
2496
2615
3695
2497
2616
3696
2498
2617
3697
2499
2618
3698
2500
2619
3699
2501
2620
3700
2502
2621
3701
2503
2622
3702
2504
2623
3703
2505
2624
3704
2506
2625
3705
2507
2626
3706
2508
2627
3707
2509
2628
3708
2510
2629
3709
2511
2630
3710
2512
2631
3711
2513
2632
3712
2514
2633
3713
2515
2634
3714
2516
2635
3715
2517
2636
3716
2518
2637
3717
2519
2638
3718
2639
3719
2521
2640
3720
2522
2641
3721
2523
2642
3722
2524
2643
3723
2525
2644
3724
2526
2645
3725
2527
2646
3726
2528
2647
3727
2529
2648
3728
2530
2649
3729
2531
2650
3730
2532
2651
3731
2533
2652
3732
2534
2653
3733
2535
2654
3734
2536
2655
3735
2537
2656
3736
2538
2657
3737
2539
2658
3738
2540
2659
3739
2541
2660
3740
2542
2661
3741
2543
2662
3742
2544
2663
3743
2545
2664
3744
2546
2665
3745
2547
2666
3746
2548
2667
3747
2549
2668
3748
2550
2669
3749
2551
2670
3750
2552
2671
3751
2553
2672
3752
2554
2673
3753
2555
2674
3754
2556
2675
3755
2557
2676
3756
2558
2677
3757
2559
2678
3758
2560
2679
3759
2561
2680
3760
2562
2681
3761
2563
2682
3762
2564
2683
3763
2565
2684
3764
2566
2685
3765
2567
2686
3766
2568
2687
3767
2569
2688
3768
2570
2689
3769
2571
2690
3770
2572
2691
3771
2573
2692
3772
2574
2693
3773
2575
2694
3774
2576
2695
3775
2577
2696
3776
2578
2697
3777
2579
2698
3778
2580
2699
3779
2581
2700
3780
2582
2701
3781
2583
2702
3782
2584
2703
3783
2585
2704
3784
2586
2705
3785
2587
2706
3786
2588
2707
3787
2589
2708
3788
2590
2709
3789
2591
2710
3790
2592
2711
3791
2593
2712
3792
2594
2713
3793
2595
2714
3794
2596
2715
3795
2597
2716
3796
2598
2717
3797
2599
2718
3798
2600
2719
3799
2601
2720
3800
2602
2721
3801
2603
2722
3802
2604
2723
3803
2605
2724
3804
2606
2725
3805
2607
2726
3806
2608
2727
3807
2609
2728
3808
2610
2729
3809
2611
2730
3810
2612
2731
3811
2613
2732
3812
2614
2733
3813
2615
2734
3814
2616
2735
3815
2617
2736
3816
2618
2737
3817
2619
2738
3818
2620
2739
3819
2621
2740
3820
2622
2741
3821
2623
2742
3822
2624
2743
3823
2625
2744
3824
2626
2745
3825
2627
2746
3826
2628
2747
3827
2629
2748
3828
2630
2749
3829
2631
2750
3830
2632
2751
3831
2633
2752
3832
2634
2753
3833
2635
2754
3834
2636
2755
3835
2637
2756
3836
2638
2757
3837
2639
2758
3838
2759
3839
2641
2760
3840
2642
2761
3841
2643
2762
3842
2644
2763
3843
2645
2764
3844
2646
2765
3845
2647
2766
3846
2648
2767
3847
2649
2768
3848
2650
2769
3849
2651
2770
3850
2652
2771
3851
2653
2772
3852
2654
2773
3853
2655
2774
3854
2656
2775
3855
2657
2776
3856
2658
2777
3857
2659
2778
3858
2660
2779
3859
2661
2780
3860
2662
2781
3861
2663
2782
3862
2664
2783
3863
2665
2784
3864
2666
2785
3865
2667
2786
3866
2668
2787
3867
2669
2788
3868
2670
2789
3869
2671
2790
3870
2672
2791
3871
2673
2792
3872
2674
2793
3873
2675
2794
3874
2676
2795
3875
2677
2796
3876
2678
2797
3877
2679
2798
3878
2680
2799
3879
2681
2800
3880
2682
2801
3881
2683
2802
3882
2684
2803
3883
2685
2804
3884
2686
2805
3885
2687
2806
3886
2688
2807
3887
2689
2808
3888
2690
2809
3889
2691
2810
3890
2692
2811
3891
2693
2812
3892
2694
2813
3893
2695
2814
3894
2696
2815
3895
2697
2816
3896
2698
2817
3897
2699
2818
3898
2700
2819
3899
2701
2820
3900
2702
2821
3901
2703
2822
3902
2704
2823
3903
2705
2824
3904
2706
2825
3905
2707
2826
3906
2708
2827
3907
2709
2828
3908
2710
2829
3909
2711
2830
3910
2712
2831
3911
2713
2832
3912
2714
2833
3913
2715
2834
3914
2716
2835
3915
2717
2836
3916
2718
2837
3917
2719
2838
3918
2720
2839
3919
2721
2840
3920
2722
2841
3921
2723
2842
3922
2724
2843
3923
2725
2844
3924
2726
2845
3925
2727
2846
3926
2728
2847
3927
2729
2848
3928
2730
2849
3929
2731
2850
3930
2732
2851
3931
2733
2852
3932
2734
2853
3933
2735
2854
3934
2736
2855
3935
2737
2856
3936
2738
2857
3937
2739
2858
3938
2740
2859
3939
2741
2860
3940
2742
2861
3941
2743
2862
3942
2744
2863
3943
2745
2864
3944
2746
2865
3945
2747
2866
3946
2748
2867
3947
2749
2868
3948
2750
2869
3949
2751
2870
3950
2752
2871
3951
2753
2872
3952
2754
2873
3953
2755
2874
3954
2756
2875
3955
2757
2876
3956
2758
2877
3957
2759
2878
3958
2879
3959
2761
2880
3960
2762
2881
3961
2763
2882
3962
2764
2883
3963
2765
2884
3964
2766
2885
3965
2767
2886
3966
2768
2887
3967
2769
2888
3968
2770
2889
3969
2771
2890
3970
2772
2891
3971
2773
2892
3972
2774
2893
3973
2775
2894
3974
2776
2895
3975
2777
2896
3976
2778
2897
3977
2779
2898
3978
2780
2899
3979
2781
2900
3980
2782
2901
3981
2783
2902
3982
2784
2903
3983
2785
2904
3984
2786
2905
3985
2787
2906
3986
2788
2907
3987
2789
2908
3988
2790
2909
3989
2791
2910
3990
2792
2911
3991
2793
2912
3992
2794
2913
3993
2795
2914
3994
2796
2915
3995
2797
2916
3996
2798
2917
3997
2799
2918
3998
2800
2919
3999
2801
2920
4000
2802
2921
4001
2803
2922
4002
2804
2923
4003
2805
2924
4004
2806
2925
4005
2807
2926
4006
2808
2927
4007
2809
2928
4008
2810
2929
4009
2811
2930
4010
2812
2931
4011
2813
2932
4012
2814
2933
4013
2815
2934
4014
2816
2935
4015
2817
2936
4016
2818
2937
4017
2819
2938
4018
2820
2939
4019
2821
2940
4020
2822
2941
4021
2823
2942
4022
2824
2943
4023
2825
2944
4024
2826
2945
4025
2827
2946
4026
2828
2947
4027
2829
2948
4028
2830
2949
4029
2831
2950
4030
2832
2951
4031
2833
2952
4032
2834
2953
4033
2835
2954
4034
2836
2955
4035
2837
2956
4036
2838
2957
4037
2839
2958
4038
2840
2959
4039
2841
2960
4040
2842
2961
4041
2843
2962
4042
2844
2963
4043
2845
2964
4044
2846
2965
4045
2847
2966
4046
2848
2967
4047
2849
2968
4048
2850
2969
4049
2851
2970
4050
2852
2971
4051
2853
2972
4052
2854
2973
4053
2855
2974
4054
2856
2975
4055
2857
2976
4056
2858
2977
4057
2859
2978
4058
2860
2979
4059
2861
2980
4060
2862
2981
4061
2863
2982
4062
2864
2983
4063
2865
2984
4064
2866
2985
4065
2867
2986
4066
2868
2987
4067
2869
2988
4068
2870
2989
4069
2871
2990
4070
2872
2991
4071
2873
2992
4072
2874
2993
4073
2875
2994
4074
2876
2995
4075
2877
2996
4076
2878
2997
4077
2879
2998
4078
2999
4079
2881
3000
4080
2882
3001
4081
2883
3002
4082
2884
3003
4083
2885
3004
4084
2886
3005
4085
2887
3006
4086
2888
3007
4087
2889
3008
4088
2890
3009
4089
2891
3010
4090
2892
3011
4091
2893
3012
4092
2894
3013
4093
2895
3014
4094
2896
3015
4095
2897
3016
4096
2898
3017
4097
2899
3018
4098
2900
3019
4099
2901
3020
4100
2902
3021
4101
2903
3022
4102
2904
3023
4103
2905
3024
4104
2906
3025
4105
2907
3026
4106
2908
3027
4107
2909
3028
4108
2910
3029
4109
2911
3030
4110
2912
3031
4111
2913
3032
4112
2914
3033
4113
2915
3034
4114
2916
3035
4115
2917
3036
4116
2918
3037
4117
2919
3038
4118
2920
3039
4119
2921
3040
4120
2922
3041
4121
2923
3042
4122
2924
3043
4123
2925
3044
4124
2926
3045
4125
2927
3046
4126
2928
3047
4127
2929
3048
4128
2930
3049
4129
2931
3050
4130
2932
3051
4131
2933
3052
4132
2934
3053
4133
2935
3054
4134
2936
3055
4135
2937
3056
4136
2938
3057
4137
2939
3058
4138
2940
3059
4139
2941
3060
4140
2942
3061
4141
2943
3062
4142
2944
3063
4143
2945
3064
4144
2946
3065
4145
2947
3066
4146
2948
3067
4147
2949
3068
4148
2950
3069
4149
2951
3070
4150
2952
3071
4151
2953
3072
4152
2954
3073
4153
2955
3074
4154
2956
3075
4155
2957
3076
4156
2958
3077
4157
2959
3078
4158
2960
3079
4159
2961
3080
4160
2962
3081
4161
2963
3082
4162
2964
3083
4163
2965
3084
4164
2966
3085
4165
2967
3086
4166
2968
3087
4167
2969
3088
4168
2970
3089
4169
2971
3090
4170
2972
3091
4171
2973
3092
4172
2974
3093
4173
2975
3094
4174
2976
3095
4175
2977
3096
4176
2978
3097
4177
2979
3098
4178
2980
3099
4179
2981
3100
4180
2982
3101
4181
2983
3102
4182
2984
3103
4183
2985
3104
4184
2986
3105
4185
2987
3106
4186
2988
3107
4187
2989
3108
4188
2990
3109
4189
2991
3110
4190
2992
3111
4191
2993
3112
4192
2994
3113
4193
2995
3114
4194
2996
3115
4195
2997
3116
4196
2998
3117
4197
2999
3118
4198
3119
4199
3001
3120
4200
3002
3121
4201
3003
3122
4202
3004
3123
4203
3005
3124
4204
3006
3125
4205
3007
3126
4206
3008
3127
4207
3009
3128
4208
3010
3129
4209
3011
3130
4210
3012
3131
4211
3013
3132
4212
3014
3133
4213
3015
3134
4214
3016
3135
4215
3017
3136
4216
3018
3137
4217
3019
3138
4218
3020
3139
4219
3021
3140
4220
3022
3141
4221
3023
3142
4222
3024
3143
4223
3025
3144
4224
3026
3145
4225
3027
3146
4226
3028
3147
4227
3029
3148
4228
3030
3149
4229
3031
3150
4230
3032
3151
4231
3033
3152
4232
3034
3153
4233
3035
3154
4234
3036
3155
4235
3037
3156
4236
3038
3157
4237
3039
3158
4238
3040
3159
4239
3041
3160
4240
3042
3161
4241
3043
3162
4242
3044
3163
4243
3045
3164
4244
3046
3165
4245
3047
3166
4246
3048
3167
4247
3049
3168
4248
3050
3169
4249
3051
3170
4250
3052
3171
4251
3053
3172
4252
3054
3173
4253
3055
3174
4254
3056
3175
4255
3057
3176
4256
3058
3177
4257
3059
3178
4258
3060
3179
4259
3061
3180
4260
3062
3181
4261
3063
3182
4262
3064
3183
4263
3065
3184
4264
3066
3185
4265
3067
3186
4266
3068
3187
4267
3069
3188
4268
3070
3189
4269
3071
3190
4270
3072
3191
4271
3073
3192
4272
3074
3193
4273
3075
3194
4274
3076
3195
4275
3077
3196
4276
3078
3197
4277
3079
3198
4278
3080
3199
4279
3081
3200
4280
3082
3201
4281
3083
3202
4282
3084
3203
4283
3085
3204
4284
3086
3205
4285
3087
3206
4286
3088
3207
4287
3089
3208
4288
3090
3209
4289
3091
3210
4290
3092
3211
4291
3093
3212
4292
3094
3213
4293
3095
3214
4294
3096
3215
4295
3097
3216
4296
3098
3217
4297
3099
3218
4298
3100
3219
4299
3101
3220
4300
3102
3221
4301
3103
3222
4302
3104
3223
4303
3105
3224
4304
3106
3225
4305
3107
3226
4306
3108
3227
4307
3109
3228
4308
3110
3229
4309
3111
3230
4310
3112
3231
4311
3113
3232
4312
3114
3233
4313
3115
3234
4314
3116
3235
4315
3117
3236
4316
3118
3237
4317
3119
3238
4318
3239
4319
3121
3240
4320
3122
3241
4321
3123
3242
4322
3124
3243
4323
3125
3244
4324
3126
3245
4325
3127
3246
4326
3128
3247
4327
3129
3248
4328
3130
3249
4329
3131
3250
4330
3132
3251
4331
3133
3252
4332
3134
3253
4333
3135
3254
4334
3136
3255
4335
3137
3256
4336
3138
3257
4337
3139
3258
4338
3140
3259
4339
3141
3260
4340
3142
3261
4341
3143
3262
4342
3144
3263
4343
3145
3264
4344
3146
3265
4345
3147
3266
4346
3148
3267
4347
3149
3268
4348
3150
3269
4349
3151
3270
4350
3152
3271
4351
3153
3272
4352
3154
3273
4353
3155
3274
4354
3156
3275
4355
3157
3276
4356
3158
3277
4357
3159
3278
4358
3160
3279
4359
3161
3280
4360
3162
3281
4361
3163
3282
4362
3164
3283
4363
3165
3284
4364
3166
3285
4365
3167
3286
4366
3168
3287
4367
3169
3288
4368
3170
3289
4369
3171
3290
4370
3172
3291
4371
3173
3292
4372
3174
3293
4373
3175
3294
4374
3176
3295
4375
3177
3296
4376
3178
3297
4377
3179
3298
4378
3180
3299
4379
3181
3300
4380
3182
3301
4381
3183
3302
4382
3184
3303
4383
3185
3304
4384
3186
3305
4385
3187
3306
4386
3188
3307
4387
3189
3308
4388
3190
3309
4389
3191
3310
4390
3192
3311
4391
3193
3312
4392
3194
3313
4393
3195
3314
4394
3196
3315
4395
3197
3316
4396
3198
3317
4397
3199
3318
4398
3200
3319
4399
3201
3320
4400
3202
3321
4401
3203
3322
4402
3204
3323
4403
3205
3324
4404
3206
3325
4405
3207
3326
4406
3208
3327
4407
3209
3328
4408
3210
3329
4409
3211
3330
4410
3212
3331
4411
3213
3332
4412
3214
3333
4413
3215
3334
4414
3216
3335
4415
3217
3336
4416
3218
3337
4417
3219
3338
4418
3220
3339
4419
3221
3340
4420
3222
3341
4421
3223
3342
4422
3224
3343
4423
3225
3344
4424
3226
3345
4425
3227
3346
4426
3228
3347
4427
3229
3348
4428
3230
3349
4429
3231
3350
4430
3232
3351
4431
3233
3352
4432
3234
3353
4433
3235
3354
4434
3236
3355
4435
3237
3356
4436
3238
3357
4437
3239
3358
4438
3359
4439
3241
3360
4440
3242
3361
4441
3243
3362
4442
3244
3363
4443
3245
3364
4444
3246
3365
4445
3247
3366
4446
3248
3367
4447
3249
3368
4448
3250
3369
4449
3251
3370
4450
3252
3371
4451
3253
3372
4452
3254
3373
4453
3255
3374
4454
3256
3375
4455
3257
3376
4456
3258
3377
4457
3259
3378
4458
3260
3379
4459
3261
3380
4460
3262
3381
4461
3263
3382
4462
3264
3383
4463
3265
3384
4464
3266
3385
4465
3267
3386
4466
3268
3387
4467
3269
3388
4468
3270
3389
4469
3271
3390
4470
3272
3391
4471
3273
3392
4472
3274
3393
4473
3275
3394
4474
3276
3395
4475
3277
3396
4476
3278
3397
4477
3279
3398
4478
3280
3399
4479
3281
3400
4480
3282
3401
4481
3283
3402
4482
3284
3403
4483
3285
3404
4484
3286
3405
4485
3287
3406
4486
3288
3407
4487
3289
3408
4488
3290
3409
4489
3291
3410
4490
3292
3411
4491
3293
3412
4492
3294
3413
4493
3295
3414
4494
3296
3415
4495
3297
3416
4496
3298
3417
4497
3299
3418
4498
3300
3419
4499
3301
3420
4500
3302
3421
4501
3303
3422
4502
3304
3423
4503
3305
3424
4504
3306
3425
4505
3307
3426
4506
3308
3427
4507
3309
3428
4508
3310
3429
4509
3311
3430
4510
3312
3431
4511
3313
3432
4512
3314
3433
4513
3315
3434
4514
3316
3435
4515
3317
3436
4516
3318
3437
4517
3319
3438
4518
3320
3439
4519
3321
3440
4520
3322
3441
4521
3323
3442
4522
3324
3443
4523
3325
3444
4524
3326
3445
4525
3327
3446
4526
3328
3447
4527
3329
3448
4528
3330
3449
4529
3331
3450
4530
3332
3451
4531
3333
3452
4532
3334
3453
4533
3335
3454
4534
3336
3455
4535
3337
3456
4536
3338
3457
4537
3339
3458
4538
3340
3459
4539
3341
3460
4540
3342
3461
4541
3343
3462
4542
3344
3463
4543
3345
3464
4544
3346
3465
4545
3347
3466
4546
3348
3467
4547
3349
3468
4548
3350
3469
4549
3351
3470
4550
3352
3471
4551
3353
3472
4552
3354
3473
4553
3355
3474
4554
3356
3475
4555
3357
3476
4556
3358
3477
4557
3359
3478
4558
3479
4559
3361
3480
4560
3362
3481
4561
3363
3482
4562
3364
3483
4563
3365
3484
4564
3366
3485
4565
3367
3486
4566
3368
3487
4567
3369
3488
4568
3370
3489
4569
3371
3490
4570
3372
3491
4571
3373
3492
4572
3374
3493
4573
3375
3494
4574
3376
3495
4575
3377
3496
4576
3378
3497
4577
3379
3498
4578
3380
3499
4579
3381
3500
4580
3382
3501
4581
3383
3502
4582
3384
3503
4583
3385
3504
4584
3386
3505
4585
3387
3506
4586
3388
3507
4587
3389
3508
4588
3390
3509
4589
3391
3510
4590
3392
3511
4591
3393
3512
4592
3394
3513
4593
3395
3514
4594
3396
3515
4595
3397
3516
4596
3398
3517
4597
3399
3518
4598
3400
3519
4599
3401
3520
4600
3402
3521
4601
3403
3522
4602
3404
3523
4603
3405
3524
4604
3406
3525
4605
3407
3526
4606
3408
3527
4607
3409
3528
4608
3410
3529
4609
3411
3530
4610
3412
3531
4611
3413
3532
4612
3414
3533
4613
3415
3534
4614
3416
3535
4615
3417
3536
4616
3418
3537
4617
3419
3538
4618
3420
3539
4619
3421
3540
4620
3422
3541
4621
3423
3542
4622
3424
3543
4623
3425
3544
4624
3426
3545
4625
3427
3546
4626
3428
3547
4627
3429
3548
4628
3430
3549
4629
3431
3550
4630
3432
3551
4631
3433
3552
4632
3434
3553
4633
3435
3554
4634
3436
3555
4635
3437
3556
4636
3438
3557
4637
3439
3558
4638
3440
3559
4639
3441
3560
4640
3442
3561
4641
3443
3562
4642
3444
3563
4643
3445
3564
4644
3446
3565
4645
3447
3566
4646
3448
3567
4647
3449
3568
4648
3450
3569
4649
3451
3570
4650
3452
3571
4651
3453
3572
4652
3454
3573
4653
3455
3574
4654
3456
3575
4655
3457
3576
4656
3458
3577
4657
3459
3578
4658
3460
3579
4659
3461
3580
4660
3462
3581
4661
3463
3582
4662
3464
3583
4663
3465
3584
4664
3466
3585
4665
3467
3586
4666
3468
3587
4667
3469
3588
4668
3470
3589
4669
3471
3590
4670
3472
3591
4671
3473
3592
4672
3474
3593
4673
3475
3594
4674
3476
3595
4675
3477
3596
4676
3478
3597
4677
3479
3598
4678
3599
4679
3481
4680
3482
4681
3483
4682
3484
4683
3485
4684
3486
4685
3487
4686
3488
4687
3489
4688
3490
4689
3491
4690
3492
4691
3493
4692
3494
4693
3495
4694
3496
4695
3497
4696
3498
4697
3499
4698
3500
4699
3501
4700
3502
4701
3503
4702
3504
4703
3505
4704
3506
4705
3507
4706
3508
4707
3509
4708
3510
4709
3511
4710
3512
4711
3513
4712
3514
4713
3515
4714
3516
4715
3517
4716
3518
4717
3519
4718
3520
4719
3521
4720
3522
4721
3523
4722
3524
4723
3525
4724
3526
4725
3527
4726
3528
4727
3529
4728
3530
4729
3531
4730
3532
4731
3533
4732
3534
4733
3535
4734
3536
4735
3537
4736
3538
4737
3539
4738
3540
4739
3541
4740
3542
4741
3543
4742
3544
4743
3545
4744
3546
4745
3547
4746
3548
4747
3549
4748
3550
4749
3551
4750
3552
4751
3553
4752
3554
4753
3555
4754
3556
4755
3557
4756
3558
4757
3559
4758
3560
4759
3561
4760
3562
4761
3563
4762
3564
4763
3565
4764
3566
4765
3567
4766
3568
4767
3569
4768
3570
4769
3571
4770
3572
4771
3573
4772
3574
4773
3575
4774
3576
4775
3577
4776
3578
4777
3579
4778
3580
4779
3581
4780
3582
4781
3583
4782
3584
4783
3585
4784
3586
4785
3587
4786
3588
4787
3589
4788
3590
4789
3591
4790
3592
4791
3593
4792
3594
4793
3595
4794
3596
4795
3597
4796
3598
4797
3599
4798
4799
3601
3720
4800
3602
3721
4801
3603
3722
4802
3604
3723
4803
3605
3724
4804
3606
3725
4805
3607
3726
4806
3608
3727
4807
3609
3728
4808
3610
3729
4809
3611
3730
4810
3612
3731
4811
3613
3732
4812
3614
3733
4813
3615
3734
4814
3616
3735
4815
3617
3736
4816
3618
3737
4817
3619
3738
4818
3620
3739
4819
3621
3740
4820
3622
3741
4821
3623
3742
4822
3624
3743
4823
3625
3744
4824
3626
3745
4825
3627
3746
4826
3628
3747
4827
3629
3748
4828
3630
3749
4829
3631
3750
4830
3632
3751
4831
3633
3752
4832
3634
3753
4833
3635
3754
4834
3636
3755
4835
3637
3756
4836
3638
3757
4837
3639
3758
4838
3640
3759
4839
3641
3760
4840
3642
3761
4841
3643
3762
4842
3644
3763
4843
3645
3764
4844
3646
3765
4845
3647
3766
4846
3648
3767
4847
3649
3768
4848
3650
3769
4849
3651
3770
4850
3652
3771
4851
3653
3772
4852
3654
3773
4853
3655
3774
4854
3656
3775
4855
3657
3776
4856
3658
3777
4857
3659
3778
4858
3660
3779
4859
3661
3780
4860
3662
3781
4861
3663
3782
4862
3664
3783
4863
3665
3784
4864
3666
3785
4865
3667
3786
4866
3668
3787
4867
3669
3788
4868
3670
3789
4869
3671
3790
4870
3672
3791
4871
3673
3792
4872
3674
3793
4873
3675
3794
4874
3676
3795
4875
3677
3796
4876
3678
3797
4877
3679
3798
4878
3680
3799
4879
3681
3800
4880
3682
3801
4881
3683
3802
4882
3684
3803
4883
3685
3804
4884
3686
3805
4885
3687
3806
4886
3688
3807
4887
3689
3808
4888
3690
3809
4889
3691
3810
4890
3692
3811
4891
3693
3812
4892
3694
3813
4893
3695
3814
4894
3696
3815
4895
3697
3816
4896
3698
3817
4897
3699
3818
4898
3700
3819
4899
3701
3820
4900
3702
3821
4901
3703
3822
4902
3704
3823
4903
3705
3824
4904
3706
3825
4905
3707
3826
4906
3708
3827
4907
3709
3828
4908
3710
3829
4909
3711
3830
4910
3712
3831
4911
3713
3832
4912
3714
3833
4913
3715
3834
4914
3716
3835
4915
3717
3836
4916
3718
3837
4917
3719
3838
4918
3839
4919
3721
3840
4920
3722
3841
4921
3723
3842
4922
3724
3843
4923
3725
3844
4924
3726
3845
4925
3727
3846
4926
3728
3847
4927
3729
3848
4928
3730
3849
4929
3731
3850
4930
3732
3851
4931
3733
3852
4932
3734
3853
4933
3735
3854
4934
3736
3855
4935
3737
3856
4936
3738
3857
4937
3739
3858
4938
3740
3859
4939
3741
3860
4940
3742
3861
4941
3743
3862
4942
3744
3863
4943
3745
3864
4944
3746
3865
4945
3747
3866
4946
3748
3867
4947
3749
3868
4948
3750
3869
4949
3751
3870
4950
3752
3871
4951
3753
3872
4952
3754
3873
4953
3755
3874
4954
3756
3875
4955
3757
3876
4956
3758
3877
4957
3759
3878
4958
3760
3879
4959
3761
3880
4960
3762
3881
4961
3763
3882
4962
3764
3883
4963
3765
3884
4964
3766
3885
4965
3767
3886
4966
3768
3887
4967
3769
3888
4968
3770
3889
4969
3771
3890
4970
3772
3891
4971
3773
3892
4972
3774
3893
4973
3775
3894
4974
3776
3895
4975
3777
3896
4976
3778
3897
4977
3779
3898
4978
3780
3899
4979
3781
3900
4980
3782
3901
4981
3783
3902
4982
3784
3903
4983
3785
3904
4984
3786
3905
4985
3787
3906
4986
3788
3907
4987
3789
3908
4988
3790
3909
4989
3791
3910
4990
3792
3911
4991
3793
3912
4992
3794
3913
4993
3795
3914
4994
3796
3915
4995
3797
3916
4996
3798
3917
4997
3799
3918
4998
3800
3919
4999
3801
3920
5000
3802
3921
5001
3803
3922
5002
3804
3923
5003
3805
3924
5004
3806
3925
5005
3807
3926
5006
3808
3927
5007
3809
3928
5008
3810
3929
5009
3811
3930
5010
3812
3931
5011
3813
3932
5012
3814
3933
5013
3815
3934
5014
3816
3935
5015
3817
3936
5016
3818
3937
5017
3819
3938
5018
3820
3939
5019
3821
3940
5020
3822
3941
5021
3823
3942
5022
3824
3943
5023
3825
3944
5024
3826
3945
5025
3827
3946
5026
3828
3947
5027
3829
3948
5028
3830
3949
5029
3831
3950
5030
3832
3951
5031
3833
3952
5032
3834
3953
5033
3835
3954
5034
3836
3955
5035
3837
3956
5036
3838
3957
5037
3839
3958
5038
3959
5039
3841
3960
5040
3842
3961
5041
3843
3962
5042
3844
3963
5043
3845
3964
5044
3846
3965
5045
3847
3966
5046
3848
3967
5047
3849
3968
5048
3850
3969
5049
3851
3970
5050
3852
3971
5051
3853
3972
5052
3854
3973
5053
3855
3974
5054
3856
3975
5055
3857
3976
5056
3858
3977
5057
3859
3978
5058
3860
3979
5059
3861
3980
5060
3862
3981
5061
3863
3982
5062
3864
3983
5063
3865
3984
5064
3866
3985
5065
3867
3986
5066
3868
3987
5067
3869
3988
5068
3870
3989
5069
3871
3990
5070
3872
3991
5071
3873
3992
5072
3874
3993
5073
3875
3994
5074
3876
3995
5075
3877
3996
5076
3878
3997
5077
3879
3998
5078
3880
3999
5079
3881
4000
5080
3882
4001
5081
3883
4002
5082
3884
4003
5083
3885
4004
5084
3886
4005
5085
3887
4006
5086
3888
4007
5087
3889
4008
5088
3890
4009
5089
3891
4010
5090
3892
4011
5091
3893
4012
5092
3894
4013
5093
3895
4014
5094
3896
4015
5095
3897
4016
5096
3898
4017
5097
3899
4018
5098
3900
4019
5099
3901
4020
5100
3902
4021
5101
3903
4022
5102
3904
4023
5103
3905
4024
5104
3906
4025
5105
3907
4026
5106
3908
4027
5107
3909
4028
5108
3910
4029
5109
3911
4030
5110
3912
4031
5111
3913
4032
5112
3914
4033
5113
3915
4034
5114
3916
4035
5115
3917
4036
5116
3918
4037
5117
3919
4038
5118
3920
4039
5119
3921
4040
5120
3922
4041
5121
3923
4042
5122
3924
4043
5123
3925
4044
5124
3926
4045
5125
3927
4046
5126
3928
4047
5127
3929
4048
5128
3930
4049
5129
3931
4050
5130
3932
4051
5131
3933
4052
5132
3934
4053
5133
3935
4054
5134
3936
4055
5135
3937
4056
5136
3938
4057
5137
3939
4058
5138
3940
4059
5139
3941
4060
5140
3942
4061
5141
3943
4062
5142
3944
4063
5143
3945
4064
5144
3946
4065
5145
3947
4066
5146
3948
4067
5147
3949
4068
5148
3950
4069
5149
3951
4070
5150
3952
4071
5151
3953
4072
5152
3954
4073
5153
3955
4074
5154
3956
4075
5155
3957
4076
5156
3958
4077
5157
3959
4078
5158
4079
5159
3961
4080
5160
3962
4081
5161
3963
4082
5162
3964
4083
5163
3965
4084
5164
3966
4085
5165
3967
4086
5166
3968
4087
5167
3969
4088
5168
3970
4089
5169
3971
4090
5170
3972
4091
5171
3973
4092
5172
3974
4093
5173
3975
4094
5174
3976
4095
5175
3977
4096
5176
3978
4097
5177
3979
4098
5178
3980
4099
5179
3981
4100
5180
3982
4101
5181
3983
4102
5182
3984
4103
5183
3985
4104
5184
3986
4105
5185
3987
4106
5186
3988
4107
5187
3989
4108
5188
3990
4109
5189
3991
4110
5190
3992
4111
5191
3993
4112
5192
3994
4113
5193
3995
4114
5194
3996
4115
5195
3997
4116
5196
3998
4117
5197
3999
4118
5198
4000
4119
5199
4001
4120
5200
4002
4121
5201
4003
4122
5202
4004
4123
5203
4005
4124
5204
4006
4125
5205
4007
4126
5206
4008
4127
5207
4009
4128
5208
4010
4129
5209
4011
4130
5210
4012
4131
5211
4013
4132
5212
4014
4133
5213
4015
4134
5214
4016
4135
5215
4017
4136
5216
4018
4137
5217
4019
4138
5218
4020
4139
5219
4021
4140
5220
4022
4141
5221
4023
4142
5222
4024
4143
5223
4025
4144
5224
4026
4145
5225
4027
4146
5226
4028
4147
5227
4029
4148
5228
4030
4149
5229
4031
4150
5230
4032
4151
5231
4033
4152
5232
4034
4153
5233
4035
4154
5234
4036
4155
5235
4037
4156
5236
4038
4157
5237
4039
4158
5238
4040
4159
5239
4041
4160
5240
4042
4161
5241
4043
4162
5242
4044
4163
5243
4045
4164
5244
4046
4165
5245
4047
4166
5246
4048
4167
5247
4049
4168
5248
4050
4169
5249
4051
4170
5250
4052
4171
5251
4053
4172
5252
4054
4173
5253
4055
4174
5254
4056
4175
5255
4057
4176
5256
4058
4177
5257
4059
4178
5258
4060
4179
5259
4061
4180
5260
4062
4181
5261
4063
4182
5262
4064
4183
5263
4065
4184
5264
4066
4185
5265
4067
4186
5266
4068
4187
5267
4069
4188
5268
4070
4189
5269
4071
4190
5270
4072
4191
5271
4073
4192
5272
4074
4193
5273
4075
4194
5274
4076
4195
5275
4077
4196
5276
4078
4197
5277
4079
4198
5278
4199
5279
4081
4200
5280
4082
4201
5281
4083
4202
5282
4084
4203
5283
4085
4204
5284
4086
4205
5285
4087
4206
5286
4088
4207
5287
4089
4208
5288
4090
4209
5289
4091
4210
5290
4092
4211
5291
4093
4212
5292
4094
4213
5293
4095
4214
5294
4096
4215
5295
4097
4216
5296
4098
4217
5297
4099
4218
5298
4100
4219
5299
4101
4220
5300
4102
4221
5301
4103
4222
5302
4104
4223
5303
4105
4224
5304
4106
4225
5305
4107
4226
5306
4108
4227
5307
4109
4228
5308
4110
4229
5309
4111
4230
5310
4112
4231
5311
4113
4232
5312
4114
4233
5313
4115
4234
5314
4116
4235
5315
4117
4236
5316
4118
4237
5317
4119
4238
5318
4120
4239
5319
4121
4240
5320
4122
4241
5321
4123
4242
5322
4124
4243
5323
4125
4244
5324
4126
4245
5325
4127
4246
5326
4128
4247
5327
4129
4248
5328
4130
4249
5329
4131
4250
5330
4132
4251
5331
4133
4252
5332
4134
4253
5333
4135
4254
5334
4136
4255
5335
4137
4256
5336
4138
4257
5337
4139
4258
5338
4140
4259
5339
4141
4260
5340
4142
4261
5341
4143
4262
5342
4144
4263
5343
4145
4264
5344
4146
4265
5345
4147
4266
5346
4148
4267
5347
4149
4268
5348
4150
4269
5349
4151
4270
5350
4152
4271
5351
4153
4272
5352
4154
4273
5353
4155
4274
5354
4156
4275
5355
4157
4276
5356
4158
4277
5357
4159
4278
5358
4160
4279
5359
4161
4280
5360
4162
4281
5361
4163
4282
5362
4164
4283
5363
4165
4284
5364
4166
4285
5365
4167
4286
5366
4168
4287
5367
4169
4288
5368
4170
4289
5369
4171
4290
5370
4172
4291
5371
4173
4292
5372
4174
4293
5373
4175
4294
5374
4176
4295
5375
4177
4296
5376
4178
4297
5377
4179
4298
5378
4180
4299
5379
4181
4300
5380
4182
4301
5381
4183
4302
5382
4184
4303
5383
4185
4304
5384
4186
4305
5385
4187
4306
5386
4188
4307
5387
4189
4308
5388
4190
4309
5389
4191
4310
5390
4192
4311
5391
4193
4312
5392
4194
4313
5393
4195
4314
5394
4196
4315
5395
4197
4316
5396
4198
4317
5397
4199
4318
5398
4319
5399
4201
4320
5400
4202
4321
5401
4203
4322
5402
4204
4323
5403
4205
4324
5404
4206
4325
5405
4207
4326
5406
4208
4327
5407
4209
4328
5408
4210
4329
5409
4211
4330
5410
4212
4331
5411
4213
4332
5412
4214
4333
5413
4215
4334
5414
4216
4335
5415
4217
4336
5416
4218
4337
5417
4219
4338
5418
4220
4339
5419
4221
4340
5420
4222
4341
5421
4223
4342
5422
4224
4343
5423
4225
4344
5424
4226
4345
5425
4227
4346
5426
4228
4347
5427
4229
4348
5428
4230
4349
5429
4231
4350
5430
4232
4351
5431
4233
4352
5432
4234
4353
5433
4235
4354
5434
4236
4355
5435
4237
4356
5436
4238
4357
5437
4239
4358
5438
4240
4359
5439
4241
4360
5440
4242
4361
5441
4243
4362
5442
4244
4363
5443
4245
4364
5444
4246
4365
5445
4247
4366
5446
4248
4367
5447
4249
4368
5448
4250
4369
5449
4251
4370
5450
4252
4371
5451
4253
4372
5452
4254
4373
5453
4255
4374
5454
4256
4375
5455
4257
4376
5456
4258
4377
5457
4259
4378
5458
4260
4379
5459
4261
4380
5460
4262
4381
5461
4263
4382
5462
4264
4383
5463
4265
4384
5464
4266
4385
5465
4267
4386
5466
4268
4387
5467
4269
4388
5468
4270
4389
5469
4271
4390
5470
4272
4391
5471
4273
4392
5472
4274
4393
5473
4275
4394
5474
4276
4395
5475
4277
4396
5476
4278
4397
5477
4279
4398
5478
4280
4399
5479
4281
4400
5480
4282
4401
5481
4283
4402
5482
4284
4403
5483
4285
4404
5484
4286
4405
5485
4287
4406
5486
4288
4407
5487
4289
4408
5488
4290
4409
5489
4291
4410
5490
4292
4411
5491
4293
4412
5492
4294
4413
5493
4295
4414
5494
4296
4415
5495
4297
4416
5496
4298
4417
5497
4299
4418
5498
4300
4419
5499
4301
4420
5500
4302
4421
5501
4303
4422
5502
4304
4423
5503
4305
4424
5504
4306
4425
5505
4307
4426
5506
4308
4427
5507
4309
4428
5508
4310
4429
5509
4311
4430
5510
4312
4431
5511
4313
4432
5512
4314
4433
5513
4315
4434
5514
4316
4435
5515
4317
4436
5516
4318
4437
5517
4319
4438
5518
4439
5519
4321
4440
5520
4322
4441
5521
4323
4442
5522
4324
4443
5523
4325
4444
5524
4326
4445
5525
4327
4446
5526
4328
4447
5527
4329
4448
5528
4330
4449
5529
4331
4450
5530
4332
4451
5531
4333
4452
5532
4334
4453
5533
4335
4454
5534
4336
4455
5535
4337
4456
5536
4338
4457
5537
4339
4458
5538
4340
4459
5539
4341
4460
5540
4342
4461
5541
4343
4462
5542
4344
4463
5543
4345
4464
5544
4346
4465
5545
4347
4466
5546
4348
4467
5547
4349
4468
5548
4350
4469
5549
4351
4470
5550
4352
4471
5551
4353
4472
5552
4354
4473
5553
4355
4474
5554
4356
4475
5555
4357
4476
5556
4358
4477
5557
4359
4478
5558
4360
4479
5559
4361
4480
5560
4362
4481
5561
4363
4482
5562
4364
4483
5563
4365
4484
5564
4366
4485
5565
4367
4486
5566
4368
4487
5567
4369
4488
5568
4370
4489
5569
4371
4490
5570
4372
4491
5571
4373
4492
5572
4374
4493
5573
4375
4494
5574
4376
4495
5575
4377
4496
5576
4378
4497
5577
4379
4498
5578
4380
4499
5579
4381
4500
5580
4382
4501
5581
4383
4502
5582
4384
4503
5583
4385
4504
5584
4386
4505
5585
4387
4506
5586
4388
4507
5587
4389
4508
5588
4390
4509
5589
4391
4510
5590
4392
4511
5591
4393
4512
5592
4394
4513
5593
4395
4514
5594
4396
4515
5595
4397
4516
5596
4398
4517
5597
4399
4518
5598
4400
4519
5599
4401
4520
5600
4402
4521
5601
4403
4522
5602
4404
4523
5603
4405
4524
5604
4406
4525
5605
4407
4526
5606
4408
4527
5607
4409
4528
5608
4410
4529
5609
4411
4530
5610
4412
4531
5611
4413
4532
5612
4414
4533
5613
4415
4534
5614
4416
4535
5615
4417
4536
5616
4418
4537
5617
4419
4538
5618
4420
4539
5619
4421
4540
5620
4422
4541
5621
4423
4542
5622
4424
4543
5623
4425
4544
5624
4426
4545
5625
4427
4546
5626
4428
4547
5627
4429
4548
5628
4430
4549
5629
4431
4550
5630
4432
4551
5631
4433
4552
5632
4434
4553
5633
4435
4554
5634
4436
4555
5635
4437
4556
5636
4438
4557
5637
4439
4558
5638
4559
5639
4441
4560
5640
4442
4561
5641
4443
4562
5642
4444
4563
5643
4445
4564
5644
4446
4565
5645
4447
4566
5646
4448
4567
5647
4449
4568
5648
4450
4569
5649
4451
4570
5650
4452
4571
5651
4453
4572
5652
4454
4573
5653
4455
4574
5654
4456
4575
5655
4457
4576
5656
4458
4577
5657
4459
4578
5658
4460
4579
5659
4461
4580
5660
4462
4581
5661
4463
4582
5662
4464
4583
5663
4465
4584
5664
4466
4585
5665
4467
4586
5666
4468
4587
5667
4469
4588
5668
4470
4589
5669
4471
4590
5670
4472
4591
5671
4473
4592
5672
4474
4593
5673
4475
4594
5674
4476
4595
5675
4477
4596
5676
4478
4597
5677
4479
4598
5678
4480
4599
5679
4481
4600
5680
4482
4601
5681
4483
4602
5682
4484
4603
5683
4485
4604
5684
4486
4605
5685
4487
4606
5686
4488
4607
5687
4489
4608
5688
4490
4609
5689
4491
4610
5690
4492
4611
5691
4493
4612
5692
4494
4613
5693
4495
4614
5694
4496
4615
5695
4497
4616
5696
4498
4617
5697
4499
4618
5698
4500
4619
5699
4501
4620
5700
4502
4621
5701
4503
4622
5702
4504
4623
5703
4505
4624
5704
4506
4625
5705
4507
4626
5706
4508
4627
5707
4509
4628
5708
4510
4629
5709
4511
4630
5710
4512
4631
5711
4513
4632
5712
4514
4633
5713
4515
4634
5714
4516
4635
5715
4517
4636
5716
4518
4637
5717
4519
4638
5718
4520
4639
5719
4521
4640
5720
4522
4641
5721
4523
4642
5722
4524
4643
5723
4525
4644
5724
4526
4645
5725
4527
4646
5726
4528
4647
5727
4529
4648
5728
4530
4649
5729
4531
4650
5730
4532
4651
5731
4533
4652
5732
4534
4653
5733
4535
4654
5734
4536
4655
5735
4537
4656
5736
4538
4657
5737
4539
4658
5738
4540
4659
5739
4541
4660
5740
4542
4661
5741
4543
4662
5742
4544
4663
5743
4545
4664
5744
4546
4665
5745
4547
4666
5746
4548
4667
5747
4549
4668
5748
4550
4669
5749
4551
4670
5750
4552
4671
5751
4553
4672
5752
4554
4673
5753
4555
4674
5754
4556
4675
5755
4557
4676
5756
4558
4677
5757
4559
4678
5758
4679
5759
4561
4680
5760
4562
4681
5761
4563
4682
5762
4564
4683
5763
4565
4684
5764
4566
4685
5765
4567
4686
5766
4568
4687
5767
4569
4688
5768
4570
4689
5769
4571
4690
5770
4572
4691
5771
4573
4692
5772
4574
4693
5773
4575
4694
5774
4576
4695
5775
4577
4696
5776
4578
4697
5777
4579
4698
5778
4580
4699
5779
4581
4700
5780
4582
4701
5781
4583
4702
5782
4584
4703
5783
4585
4704
5784
4586
4705
5785
4587
4706
5786
4588
4707
5787
4589
4708
5788
4590
4709
5789
4591
4710
5790
4592
4711
5791
4593
4712
5792
4594
4713
5793
4595
4714
5794
4596
4715
5795
4597
4716
5796
4598
4717
5797
4599
4718
5798
4600
4719
5799
4601
4720
5800
4602
4721
5801
4603
4722
5802
4604
4723
5803
4605
4724
5804
4606
4725
5805
4607
4726
5806
4608
4727
5807
4609
4728
5808
4610
4729
5809
4611
4730
5810
4612
4731
5811
4613
4732
5812
4614
4733
5813
4615
4734
5814
4616
4735
5815
4617
4736
5816
4618
4737
5817
4619
4738
5818
4620
4739
5819
4621
4740
5820
4622
4741
5821
4623
4742
5822
4624
4743
5823
4625
4744
5824
4626
4745
5825
4627
4746
5826
4628
4747
5827
4629
4748
5828
4630
4749
5829
4631
4750
5830
4632
4751
5831
4633
4752
5832
4634
4753
5833
4635
4754
5834
4636
4755
5835
4637
4756
5836
4638
4757
5837
4639
4758
5838
4640
4759
5839
4641
4760
5840
4642
4761
5841
4643
4762
5842
4644
4763
5843
4645
4764
5844
4646
4765
5845
4647
4766
5846
4648
4767
5847
4649
4768
5848
4650
4769
5849
4651
4770
5850
4652
4771
5851
4653
4772
5852
4654
4773
5853
4655
4774
5854
4656
4775
5855
4657
4776
5856
4658
4777
5857
4659
4778
5858
4660
4779
5859
4661
4780
5860
4662
4781
5861
4663
4782
5862
4664
4783
5863
4665
4784
5864
4666
4785
5865
4667
4786
5866
4668
4787
5867
4669
4788
5868
4670
4789
5869
4671
4790
5870
4672
4791
5871
4673
4792
5872
4674
4793
5873
4675
4794
5874
4676
4795
5875
4677
4796
5876
4678
4797
5877
4679
4798
5878
4799
5879
4681
5880
4682
5881
4683
5882
4684
5883
4685
5884
4686
5885
4687
5886
4688
5887
4689
5888
4690
5889
4691
5890
4692
5891
4693
5892
4694
5893
4695
5894
4696
5895
4697
5896
4698
5897
4699
5898
4700
5899
4701
5900
4702
5901
4703
5902
4704
5903
4705
5904
4706
5905
4707
5906
4708
5907
4709
5908
4710
5909
4711
5910
4712
5911
4713
5912
4714
5913
4715
5914
4716
5915
4717
5916
4718
5917
4719
5918
4720
5919
4721
5920
4722
5921
4723
5922
4724
5923
4725
5924
4726
5925
4727
5926
4728
5927
4729
5928
4730
5929
4731
5930
4732
5931
4733
5932
4734
5933
4735
5934
4736
5935
4737
5936
4738
5937
4739
5938
4740
5939
4741
5940
4742
5941
4743
5942
4744
5943
4745
5944
4746
5945
4747
5946
4748
5947
4749
5948
4750
5949
4751
5950
4752
5951
4753
5952
4754
5953
4755
5954
4756
5955
4757
5956
4758
5957
4759
5958
4760
5959
4761
5960
4762
5961
4763
5962
4764
5963
4765
5964
4766
5965
4767
5966
4768
5967
4769
5968
4770
5969
4771
5970
4772
5971
4773
5972
4774
5973
4775
5974
4776
5975
4777
5976
4778
5977
4779
5978
4780
5979
4781
5980
4782
5981
4783
5982
4784
5983
4785
5984
4786
5985
4787
5986
4788
5987
4789
5988
4790
5989
4791
5990
4792
5991
4793
5992
4794
5993
4795
5994
4796
5995
4797
5996
4798
5997
4799
5998
5999
4801
4920
6000
4802
4921
6001
4803
4922
6002
4804
4923
6003
4805
4924
6004
4806
4925
6005
4807
4926
6006
4808
4927
6007
4809
4928
6008
4810
4929
6009
4811
4930
6010
4812
4931
6011
4813
4932
6012
4814
4933
6013
4815
4934
6014
4816
4935
6015
4817
4936
6016
4818
4937
6017
4819
4938
6018
4820
4939
6019
4821
4940
6020
4822
4941
6021
4823
4942
6022
4824
4943
6023
4825
4944
6024
4826
4945
6025
4827
4946
6026
4828
4947
6027
4829
4948
6028
4830
4949
6029
4831
4950
6030
4832
4951
6031
4833
4952
6032
4834
4953
6033
4835
4954
6034
4836
4955
6035
4837
4956
6036
4838
4957
6037
4839
4958
6038
4840
4959
6039
4841
4960
6040
4842
4961
6041
4843
4962
6042
4844
4963
6043
4845
4964
6044
4846
4965
6045
4847
4966
6046
4848
4967
6047
4849
4968
6048
4850
4969
6049
4851
4970
6050
4852
4971
6051
4853
4972
6052
4854
4973
6053
4855
4974
6054
4856
4975
6055
4857
4976
6056
4858
4977
6057
4859
4978
6058
4860
4979
6059
4861
4980
6060
4862
4981
6061
4863
4982
6062
4864
4983
6063
4865
4984
6064
4866
4985
6065
4867
4986
6066
4868
4987
6067
4869
4988
6068
4870
4989
6069
4871
4990
6070
4872
4991
6071
4873
4992
6072
4874
4993
6073
4875
4994
6074
4876
4995
6075
4877
4996
6076
4878
4997
6077
4879
4998
6078
4880
4999
6079
4881
5000
6080
4882
5001
6081
4883
5002
6082
4884
5003
6083
4885
5004
6084
4886
5005
6085
4887
5006
6086
4888
5007
6087
4889
5008
6088
4890
5009
6089
4891
5010
6090
4892
5011
6091
4893
5012
6092
4894
5013
6093
4895
5014
6094
4896
5015
6095
4897
5016
6096
4898
5017
6097
4899
5018
6098
4900
5019
6099
4901
5020
6100
4902
5021
6101
4903
5022
6102
4904
5023
6103
4905
5024
6104
4906
5025
6105
4907
5026
6106
4908
5027
6107
4909
5028
6108
4910
5029
6109
4911
5030
6110
4912
5031
6111
4913
5032
6112
4914
5033
6113
4915
5034
6114
4916
5035
6115
4917
5036
6116
4918
5037
6117
4919
5038
6118
5039
6119
4921
5040
6120
4922
5041
6121
4923
5042
6122
4924
5043
6123
4925
5044
6124
4926
5045
6125
4927
5046
6126
4928
5047
6127
4929
5048
6128
4930
5049
6129
4931
5050
6130
4932
5051
6131
4933
5052
6132
4934
5053
6133
4935
5054
6134
4936
5055
6135
4937
5056
6136
4938
5057
6137
4939
5058
6138
4940
5059
6139
4941
5060
6140
4942
5061
6141
4943
5062
6142
4944
5063
6143
4945
5064
6144
4946
5065
6145
4947
5066
6146
4948
5067
6147
4949
5068
6148
4950
5069
6149
4951
5070
6150
4952
5071
6151
4953
5072
6152
4954
5073
6153
4955
5074
6154
4956
5075
6155
4957
5076
6156
4958
5077
6157
4959
5078
6158
4960
5079
6159
4961
5080
6160
4962
5081
6161
4963
5082
6162
4964
5083
6163
4965
5084
6164
4966
5085
6165
4967
5086
6166
4968
5087
6167
4969
5088
6168
4970
5089
6169
4971
5090
6170
4972
5091
6171
4973
5092
6172
4974
5093
6173
4975
5094
6174
4976
5095
6175
4977
5096
6176
4978
5097
6177
4979
5098
6178
4980
5099
6179
4981
5100
6180
4982
5101
6181
4983
5102
6182
4984
5103
6183
4985
5104
6184
4986
5105
6185
4987
5106
6186
4988
5107
6187
4989
5108
6188
4990
5109
6189
4991
5110
6190
4992
5111
6191
4993
5112
6192
4994
5113
6193
4995
5114
6194
4996
5115
6195
4997
5116
6196
4998
5117
6197
4999
5118
6198
5000
5119
6199
5001
5120
6200
5002
5121
6201
5003
5122
6202
5004
5123
6203
5005
5124
6204
5006
5125
6205
5007
5126
6206
5008
5127
6207
5009
5128
6208
5010
5129
6209
5011
5130
6210
5012
5131
6211
5013
5132
6212
5014
5133
6213
5015
5134
6214
5016
5135
6215
5017
5136
6216
5018
5137
6217
5019
5138
6218
5020
5139
6219
5021
5140
6220
5022
5141
6221
5023
5142
6222
5024
5143
6223
5025
5144
6224
5026
5145
6225
5027
5146
6226
5028
5147
6227
5029
5148
6228
5030
5149
6229
5031
5150
6230
5032
5151
6231
5033
5152
6232
5034
5153
6233
5035
5154
6234
5036
5155
6235
5037
5156
6236
5038
5157
6237
5039
5158
6238
5159
6239
5041
5160
6240
5042
5161
6241
5043
5162
6242
5044
5163
6243
5045
5164
6244
5046
5165
6245
5047
5166
6246
5048
5167
6247
5049
5168
6248
5050
5169
6249
5051
5170
6250
5052
5171
6251
5053
5172
6252
5054
5173
6253
5055
5174
6254
5056
5175
6255
5057
5176
6256
5058
5177
6257
5059
5178
6258
5060
5179
6259
5061
5180
6260
5062
5181
6261
5063
5182
6262
5064
5183
6263
5065
5184
6264
5066
5185
6265
5067
5186
6266
5068
5187
6267
5069
5188
6268
5070
5189
6269
5071
5190
6270
5072
5191
6271
5073
5192
6272
5074
5193
6273
5075
5194
6274
5076
5195
6275
5077
5196
6276
5078
5197
6277
5079
5198
6278
5080
5199
6279
5081
5200
6280
5082
5201
6281
5083
5202
6282
5084
5203
6283
5085
5204
6284
5086
5205
6285
5087
5206
6286
5088
5207
6287
5089
5208
6288
5090
5209
6289
5091
5210
6290
5092
5211
6291
5093
5212
6292
5094
5213
6293
5095
5214
6294
5096
5215
6295
5097
5216
6296
5098
5217
6297
5099
5218
6298
5100
5219
6299
5101
5220
6300
5102
5221
6301
5103
5222
6302
5104
5223
6303
5105
5224
6304
5106
5225
6305
5107
5226
6306
5108
5227
6307
5109
5228
6308
5110
5229
6309
5111
5230
6310
5112
5231
6311
5113
5232
6312
5114
5233
6313
5115
5234
6314
5116
5235
6315
5117
5236
6316
5118
5237
6317
5119
5238
6318
5120
5239
6319
5121
5240
6320
5122
5241
6321
5123
5242
6322
5124
5243
6323
5125
5244
6324
5126
5245
6325
5127
5246
6326
5128
5247
6327
5129
5248
6328
5130
5249
6329
5131
5250
6330
5132
5251
6331
5133
5252
6332
5134
5253
6333
5135
5254
6334
5136
5255
6335
5137
5256
6336
5138
5257
6337
5139
5258
6338
5140
5259
6339
5141
5260
6340
5142
5261
6341
5143
5262
6342
5144
5263
6343
5145
5264
6344
5146
5265
6345
5147
5266
6346
5148
5267
6347
5149
5268
6348
5150
5269
6349
5151
5270
6350
5152
5271
6351
5153
5272
6352
5154
5273
6353
5155
5274
6354
5156
5275
6355
5157
5276
6356
5158
5277
6357
5159
5278
6358
5279
6359
5161
5280
6360
5162
5281
6361
5163
5282
6362
5164
5283
6363
5165
5284
6364
5166
5285
6365
5167
5286
6366
5168
5287
6367
5169
5288
6368
5170
5289
6369
5171
5290
6370
5172
5291
6371
5173
5292
6372
5174
5293
6373
5175
5294
6374
5176
5295
6375
5177
5296
6376
5178
5297
6377
5179
5298
6378
5180
5299
6379
5181
5300
6380
5182
5301
6381
5183
5302
6382
5184
5303
6383
5185
5304
6384
5186
5305
6385
5187
5306
6386
5188
5307
6387
5189
5308
6388
5190
5309
6389
5191
5310
6390
5192
5311
6391
5193
5312
6392
5194
5313
6393
5195
5314
6394
5196
5315
6395
5197
5316
6396
5198
5317
6397
5199
5318
6398
5200
5319
6399
5201
5320
6400
5202
5321
6401
5203
5322
6402
5204
5323
6403
5205
5324
6404
5206
5325
6405
5207
5326
6406
5208
5327
6407
5209
5328
6408
5210
5329
6409
5211
5330
6410
5212
5331
6411
5213
5332
6412
5214
5333
6413
5215
5334
6414
5216
5335
6415
5217
5336
6416
5218
5337
6417
5219
5338
6418
5220
5339
6419
5221
5340
6420
5222
5341
6421
5223
5342
6422
5224
5343
6423
5225
5344
6424
5226
5345
6425
5227
5346
6426
5228
5347
6427
5229
5348
6428
5230
5349
6429
5231
5350
6430
5232
5351
6431
5233
5352
6432
5234
5353
6433
5235
5354
6434
5236
5355
6435
5237
5356
6436
5238
5357
6437
5239
5358
6438
5240
5359
6439
5241
5360
6440
5242
5361
6441
5243
5362
6442
5244
5363
6443
5245
5364
6444
5246
5365
6445
5247
5366
6446
5248
5367
6447
5249
5368
6448
5250
5369
6449
5251
5370
6450
5252
5371
6451
5253
5372
6452
5254
5373
6453
5255
5374
6454
5256
5375
6455
5257
5376
6456
5258
5377
6457
5259
5378
6458
5260
5379
6459
5261
5380
6460
5262
5381
6461
5263
5382
6462
5264
5383
6463
5265
5384
6464
5266
5385
6465
5267
5386
6466
5268
5387
6467
5269
5388
6468
5270
5389
6469
5271
5390
6470
5272
5391
6471
5273
5392
6472
5274
5393
6473
5275
5394
6474
5276
5395
6475
5277
5396
6476
5278
5397
6477
5279
5398
6478
5399
6479
5281
5400
6480
5282
5401
6481
5283
5402
6482
5284
5403
6483
5285
5404
6484
5286
5405
6485
5287
5406
6486
5288
5407
6487
5289
5408
6488
5290
5409
6489
5291
5410
6490
5292
5411
6491
5293
5412
6492
5294
5413
6493
5295
5414
6494
5296
5415
6495
5297
5416
6496
5298
5417
6497
5299
5418
6498
5300
5419
6499
5301
5420
6500
5302
5421
6501
5303
5422
6502
5304
5423
6503
5305
5424
6504
5306
5425
6505
5307
5426
6506
5308
5427
6507
5309
5428
6508
5310
5429
6509
5311
5430
6510
5312
5431
6511
5313
5432
6512
5314
5433
6513
5315
5434
6514
5316
5435
6515
5317
5436
6516
5318
5437
6517
5319
5438
6518
5320
5439
6519
5321
5440
6520
5322
5441
6521
5323
5442
6522
5324
5443
6523
5325
5444
6524
5326
5445
6525
5327
5446
6526
5328
5447
6527
5329
5448
6528
5330
5449
6529
5331
5450
6530
5332
5451
6531
5333
5452
6532
5334
5453
6533
5335
5454
6534
5336
5455
6535
5337
5456
6536
5338
5457
6537
5339
5458
6538
5340
5459
6539
5341
5460
6540
5342
5461
6541
5343
5462
6542
5344
5463
6543
5345
5464
6544
5346
5465
6545
5347
5466
6546
5348
5467
6547
5349
5468
6548
5350
5469
6549
5351
5470
6550
5352
5471
6551
5353
5472
6552
5354
5473
6553
5355
5474
6554
5356
5475
6555
5357
5476
6556
5358
5477
6557
5359
5478
6558
5360
5479
6559
5361
5480
6560
5362
5481
6561
5363
5482
6562
5364
5483
6563
5365
5484
6564
5366
5485
6565
5367
5486
6566
5368
5487
6567
5369
5488
6568
5370
5489
6569
5371
5490
6570
5372
5491
6571
5373
5492
6572
5374
5493
6573
5375
5494
6574
5376
5495
6575
5377
5496
6576
5378
5497
6577
5379
5498
6578
5380
5499
6579
5381
5500
6580
5382
5501
6581
5383
5502
6582
5384
5503
6583
5385
5504
6584
5386
5505
6585
5387
5506
6586
5388
5507
6587
5389
5508
6588
5390
5509
6589
5391
5510
6590
5392
5511
6591
5393
5512
6592
5394
5513
6593
5395
5514
6594
5396
5515
6595
5397
5516
6596
5398
5517
6597
5399
5518
6598
5519
6599
5401
5520
6600
5402
5521
6601
5403
5522
6602
5404
5523
6603
5405
5524
6604
5406
5525
6605
5407
5526
6606
5408
5527
6607
5409
5528
6608
5410
5529
6609
5411
5530
6610
5412
5531
6611
5413
5532
6612
5414
5533
6613
5415
5534
6614
5416
5535
6615
5417
5536
6616
5418
5537
6617
5419
5538
6618
5420
5539
6619
5421
5540
6620
5422
5541
6621
5423
5542
6622
5424
5543
6623
5425
5544
6624
5426
5545
6625
5427
5546
6626
5428
5547
6627
5429
5548
6628
5430
5549
6629
5431
5550
6630
5432
5551
6631
5433
5552
6632
5434
5553
6633
5435
5554
6634
5436
5555
6635
5437
5556
6636
5438
5557
6637
5439
5558
6638
5440
5559
6639
5441
5560
6640
5442
5561
6641
5443
5562
6642
5444
5563
6643
5445
5564
6644
5446
5565
6645
5447
5566
6646
5448
5567
6647
5449
5568
6648
5450
5569
6649
5451
5570
6650
5452
5571
6651
5453
5572
6652
5454
5573
6653
5455
5574
6654
5456
5575
6655
5457
5576
6656
5458
5577
6657
5459
5578
6658
5460
5579
6659
5461
5580
6660
5462
5581
6661
5463
5582
6662
5464
5583
6663
5465
5584
6664
5466
5585
6665
5467
5586
6666
5468
5587
6667
5469
5588
6668
5470
5589
6669
5471
5590
6670
5472
5591
6671
5473
5592
6672
5474
5593
6673
5475
5594
6674
5476
5595
6675
5477
5596
6676
5478
5597
6677
5479
5598
6678
5480
5599
6679
5481
5600
6680
5482
5601
6681
5483
5602
6682
5484
5603
6683
5485
5604
6684
5486
5605
6685
5487
5606
6686
5488
5607
6687
5489
5608
6688
5490
5609
6689
5491
5610
6690
5492
5611
6691
5493
5612
6692
5494
5613
6693
5495
5614
6694
5496
5615
6695
5497
5616
6696
5498
5617
6697
5499
5618
6698
5500
5619
6699
5501
5620
6700
5502
5621
6701
5503
5622
6702
5504
5623
6703
5505
5624
6704
5506
5625
6705
5507
5626
6706
5508
5627
6707
5509
5628
6708
5510
5629
6709
5511
5630
6710
5512
5631
6711
5513
5632
6712
5514
5633
6713
5515
5634
6714
5516
5635
6715
5517
5636
6716
5518
5637
6717
5519
5638
6718
5639
6719
5521
5640
6720
5522
5641
6721
5523
5642
6722
5524
5643
6723
5525
5644
6724
5526
5645
6725
5527
5646
6726
5528
5647
6727
5529
5648
6728
5530
5649
6729
5531
5650
6730
5532
5651
6731
5533
5652
6732
5534
5653
6733
5535
5654
6734
5536
5655
6735
5537
5656
6736
5538
5657
6737
5539
5658
6738
5540
5659
6739
5541
5660
6740
5542
5661
6741
5543
5662
6742
5544
5663
6743
5545
5664
6744
5546
5665
6745
5547
5666
6746
5548
5667
6747
5549
5668
6748
5550
5669
6749
5551
5670
6750
5552
5671
6751
5553
5672
6752
5554
5673
6753
5555
5674
6754
5556
5675
6755
5557
5676
6756
5558
5677
6757
5559
5678
6758
5560
5679
6759
5561
5680
6760
5562
5681
6761
5563
5682
6762
5564
5683
6763
5565
5684
6764
5566
5685
6765
5567
5686
6766
5568
5687
6767
5569
5688
6768
5570
5689
6769
5571
5690
6770
5572
5691
6771
5573
5692
6772
5574
5693
6773
5575
5694
6774
5576
5695
6775
5577
5696
6776
5578
5697
6777
5579
5698
6778
5580
5699
6779
5581
5700
6780
5582
5701
6781
5583
5702
6782
5584
5703
6783
5585
5704
6784
5586
5705
6785
5587
5706
6786
5588
5707
6787
5589
5708
6788
5590
5709
6789
5591
5710
6790
5592
5711
6791
5593
5712
6792
5594
5713
6793
5595
5714
6794
5596
5715
6795
5597
5716
6796
5598
5717
6797
5599
5718
6798
5600
5719
6799
5601
5720
6800
5602
5721
6801
5603
5722
6802
5604
5723
6803
5605
5724
6804
5606
5725
6805
5607
5726
6806
5608
5727
6807
5609
5728
6808
5610
5729
6809
5611
5730
6810
5612
5731
6811
5613
5732
6812
5614
5733
6813
5615
5734
6814
5616
5735
6815
5617
5736
6816
5618
5737
6817
5619
5738
6818
5620
5739
6819
5621
5740
6820
5622
5741
6821
5623
5742
6822
5624
5743
6823
5625
5744
6824
5626
5745
6825
5627
5746
6826
5628
5747
6827
5629
5748
6828
5630
5749
6829
5631
5750
6830
5632
5751
6831
5633
5752
6832
5634
5753
6833
5635
5754
6834
5636
5755
6835
5637
5756
6836
5638
5757
6837
5639
5758
6838
5759
6839
5641
5760
6840
5642
5761
6841
5643
5762
6842
5644
5763
6843
5645
5764
6844
5646
5765
6845
5647
5766
6846
5648
5767
6847
5649
5768
6848
5650
5769
6849
5651
5770
6850
5652
5771
6851
5653
5772
6852
5654
5773
6853
5655
5774
6854
5656
5775
6855
5657
5776
6856
5658
5777
6857
5659
5778
6858
5660
5779
6859
5661
5780
6860
5662
5781
6861
5663
5782
6862
5664
5783
6863
5665
5784
6864
5666
5785
6865
5667
5786
6866
5668
5787
6867
5669
5788
6868
5670
5789
6869
5671
5790
6870
5672
5791
6871
5673
5792
6872
5674
5793
6873
5675
5794
6874
5676
5795
6875
5677
5796
6876
5678
5797
6877
5679
5798
6878
5680
5799
6879
5681
5800
6880
5682
5801
6881
5683
5802
6882
5684
5803
6883
5685
5804
6884
5686
5805
6885
5687
5806
6886
5688
5807
6887
5689
5808
6888
5690
5809
6889
5691
5810
6890
5692
5811
6891
5693
5812
6892
5694
5813
6893
5695
5814
6894
5696
5815
6895
5697
5816
6896
5698
5817
6897
5699
5818
6898
5700
5819
6899
5701
5820
6900
5702
5821
6901
5703
5822
6902
5704
5823
6903
5705
5824
6904
5706
5825
6905
5707
5826
6906
5708
5827
6907
5709
5828
6908
5710
5829
6909
5711
5830
6910
5712
5831
6911
5713
5832
6912
5714
5833
6913
5715
5834
6914
5716
5835
6915
5717
5836
6916
5718
5837
6917
5719
5838
6918
5720
5839
6919
5721
5840
6920
5722
5841
6921
5723
5842
6922
5724
5843
6923
5725
5844
6924
5726
5845
6925
5727
5846
6926
5728
5847
6927
5729
5848
6928
5730
5849
6929
5731
5850
6930
5732
5851
6931
5733
5852
6932
5734
5853
6933
5735
5854
6934
5736
5855
6935
5737
5856
6936
5738
5857
6937
5739
5858
6938
5740
5859
6939
5741
5860
6940
5742
5861
6941
5743
5862
6942
5744
5863
6943
5745
5864
6944
5746
5865
6945
5747
5866
6946
5748
5867
6947
5749
5868
6948
5750
5869
6949
5751
5870
6950
5752
5871
6951
5753
5872
6952
5754
5873
6953
5755
5874
6954
5756
5875
6955
5757
5876
6956
5758
5877
6957
5759
5878
6958
5879
6959
5761
5880
6960
5762
5881
6961
5763
5882
6962
5764
5883
6963
5765
5884
6964
5766
5885
6965
5767
5886
6966
5768
5887
6967
5769
5888
6968
5770
5889
6969
5771
5890
6970
5772
5891
6971
5773
5892
6972
5774
5893
6973
5775
5894
6974
5776
5895
6975
5777
5896
6976
5778
5897
6977
5779
5898
6978
5780
5899
6979
5781
5900
6980
5782
5901
6981
5783
5902
6982
5784
5903
6983
5785
5904
6984
5786
5905
6985
5787
5906
6986
5788
5907
6987
5789
5908
6988
5790
5909
6989
5791
5910
6990
5792
5911
6991
5793
5912
6992
5794
5913
6993
5795
5914
6994
5796
5915
6995
5797
5916
6996
5798
5917
6997
5799
5918
6998
5800
5919
6999
5801
5920
7000
5802
5921
7001
5803
5922
7002
5804
5923
7003
5805
5924
7004
5806
5925
7005
5807
5926
7006
5808
5927
7007
5809
5928
7008
5810
5929
7009
5811
5930
7010
5812
5931
7011
5813
5932
7012
5814
5933
7013
5815
5934
7014
5816
5935
7015
5817
5936
7016
5818
5937
7017
5819
5938
7018
5820
5939
7019
5821
5940
7020
5822
5941
7021
5823
5942
7022
5824
5943
7023
5825
5944
7024
5826
5945
7025
5827
5946
7026
5828
5947
7027
5829
5948
7028
5830
5949
7029
5831
5950
7030
5832
5951
7031
5833
5952
7032
5834
5953
7033
5835
5954
7034
5836
5955
7035
5837
5956
7036
5838
5957
7037
5839
5958
7038
5840
5959
7039
5841
5960
7040
5842
5961
7041
5843
5962
7042
5844
5963
7043
5845
5964
7044
5846
5965
7045
5847
5966
7046
5848
5967
7047
5849
5968
7048
5850
5969
7049
5851
5970
7050
5852
5971
7051
5853
5972
7052
5854
5973
7053
5855
5974
7054
5856
5975
7055
5857
5976
7056
5858
5977
7057
5859
5978
7058
5860
5979
7059
5861
5980
7060
5862
5981
7061
5863
5982
7062
5864
5983
7063
5865
5984
7064
5866
5985
7065
5867
5986
7066
5868
5987
7067
5869
5988
7068
5870
5989
7069
5871
5990
7070
5872
5991
7071
5873
5992
7072
5874
5993
7073
5875
5994
7074
5876
5995
7075
5877
5996
7076
5878
5997
7077
5879
5998
7078
5999
7079
5881
7080
5882
7081
5883
7082
5884
7083
5885
7084
5886
7085
5887
7086
5888
7087
5889
7088
5890
7089
5891
7090
5892
7091
5893
7092
5894
7093
5895
7094
5896
7095
5897
7096
5898
7097
5899
7098
5900
7099
5901
7100
5902
7101
5903
7102
5904
7103
5905
7104
5906
7105
5907
7106
5908
7107
5909
7108
5910
7109
5911
7110
5912
7111
5913
7112
5914
7113
5915
7114
5916
7115
5917
7116
5918
7117
5919
7118
5920
7119
5921
7120
5922
7121
5923
7122
5924
7123
5925
7124
5926
7125
5927
7126
5928
7127
5929
7128
5930
7129
5931
7130
5932
7131
5933
7132
5934
7133
5935
7134
5936
7135
5937
7136
5938
7137
5939
7138
5940
7139
5941
7140
5942
7141
5943
7142
5944
7143
5945
7144
5946
7145
5947
7146
5948
7147
5949
7148
5950
7149
5951
7150
5952
7151
5953
7152
5954
7153
5955
7154
5956
7155
5957
7156
5958
7157
5959
7158
5960
7159
5961
7160
5962
7161
5963
7162
5964
7163
5965
7164
5966
7165
5967
7166
5968
7167
5969
7168
5970
7169
5971
7170
5972
7171
5973
7172
5974
7173
5975
7174
5976
7175
5977
7176
5978
7177
5979
7178
5980
7179
5981
7180
5982
7181
5983
7182
5984
7183
5985
7184
5986
7185
5987
7186
5988
7187
5989
7188
5990
7189
5991
7190
5992
7191
5993
7192
5994
7193
5995
7194
5996
7195
5997
7196
5998
7197
5999
7198
7199
6001
6120
6002
6121
6003
6122
6004
6123
6005
6124
6006
6125
6007
6126
6008
6127
6009
6128
6010
6129
6011
6130
6012
6131
6013
6132
6014
6133
6015
6134
6016
6135
6017
6136
6018
6137
6019
6138
6020
6139
6021
6140
6022
6141
6023
6142
6024
6143
6025
6144
6026
6145
6027
6146
6028
6147
6029
6148
6030
6149
6031
6150
6032
6151
6033
6152
6034
6153
6035
6154
6036
6155
6037
6156
6038
6157
6039
6158
6040
6159
6041
6160
6042
6161
6043
6162
6044
6163
6045
6164
6046
6165
6047
6166
6048
6167
6049
6168
6050
6169
6051
6170
6052
6171
6053
6172
6054
6173
6055
6174
6056
6175
6057
6176
6058
6177
6059
6178
6060
6179
6061
6180
6062
6181
6063
6182
6064
6183
6065
6184
6066
6185
6067
6186
6068
6187
6069
6188
6070
6189
6071
6190
6072
6191
6073
6192
6074
6193
6075
6194
6076
6195
6077
6196
6078
6197
6079
6198
6080
6199
6081
6200
6082
6201
6083
6202
6084
6203
6085
6204
6086
6205
6087
6206
6088
6207
6089
6208
6090
6209
6091
6210
6092
6211
6093
6212
6094
6213
6095
6214
6096
6215
6097
6216
6098
6217
6099
6218
6100
6219
6101
6220
6102
6221
6103
6222
6104
6223
6105
6224
6106
6225
6107
6226
6108
6227
6109
6228
6110
6229
6111
6230
6112
6231
6113
6232
6114
6233
6115
6234
6116
6235
6117
6236
6118
6237
6119
6238
6239
6121
6240
6122
6241
6123
6242
6124
6243
6125
6244
6126
6245
6127
6246
6128
6247
6129
6248
6130
6249
6131
6250
6132
6251
6133
6252
6134
6253
6135
6254
6136
6255
6137
6256
6138
6257
6139
6258
6140
6259
6141
6260
6142
6261
6143
6262
6144
6263
6145
6264
6146
6265
6147
6266
6148
6267
6149
6268
6150
6269
6151
6270
6152
6271
6153
6272
6154
6273
6155
6274
6156
6275
6157
6276
6158
6277
6159
6278
6160
6279
6161
6280
6162
6281
6163
6282
6164
6283
6165
6284
6166
6285
6167
6286
6168
6287
6169
6288
6170
6289
6171
6290
6172
6291
6173
6292
6174
6293
6175
6294
6176
6295
6177
6296
6178
6297
6179
6298
6180
6299
6181
6300
6182
6301
6183
6302
6184
6303
6185
6304
6186
6305
6187
6306
6188
6307
6189
6308
6190
6309
6191
6310
6192
6311
6193
6312
6194
6313
6195
6314
6196
6315
6197
6316
6198
6317
6199
6318
6200
6319
6201
6320
6202
6321
6203
6322
6204
6323
6205
6324
6206
6325
6207
6326
6208
6327
6209
6328
6210
6329
6211
6330
6212
6331
6213
6332
6214
6333
6215
6334
6216
6335
6217
6336
6218
6337
6219
6338
6220
6339
6221
6340
6222
6341
6223
6342
6224
6343
6225
6344
6226
6345
6227
6346
6228
6347
6229
6348
6230
6349
6231
6350
6232
6351
6233
6352
6234
6353
6235
6354
6236
6355
6237
6356
6238
6357
6239
6358
6359
6241
6360
6242
6361
6243
6362
6244
6363
6245
6364
6246
6365
6247
6366
6248
6367
6249
6368
6250
6369
6251
6370
6252
6371
6253
6372
6254
6373
6255
6374
6256
6375
6257
6376
6258
6377
6259
6378
6260
6379
6261
6380
6262
6381
6263
6382
6264
6383
6265
6384
6266
6385
6267
6386
6268
6387
6269
6388
6270
6389
6271
6390
6272
6391
6273
6392
6274
6393
6275
6394
6276
6395
6277
6396
6278
6397
6279
6398
6280
6399
6281
6400
6282
6401
6283
6402
6284
6403
6285
6404
6286
6405
6287
6406
6288
6407
6289
6408
6290
6409
6291
6410
6292
6411
6293
6412
6294
6413
6295
6414
6296
6415
6297
6416
6298
6417
6299
6418
6300
6419
6301
6420
6302
6421
6303
6422
6304
6423
6305
6424
6306
6425
6307
6426
6308
6427
6309
6428
6310
6429
6311
6430
6312
6431
6313
6432
6314
6433
6315
6434
6316
6435
6317
6436
6318
6437
6319
6438
6320
6439
6321
6440
6322
6441
6323
6442
6324
6443
6325
6444
6326
6445
6327
6446
6328
6447
6329
6448
6330
6449
6331
6450
6332
6451
6333
6452
6334
6453
6335
6454
6336
6455
6337
6456
6338
6457
6339
6458
6340
6459
6341
6460
6342
6461
6343
6462
6344
6463
6345
6464
6346
6465
6347
6466
6348
6467
6349
6468
6350
6469
6351
6470
6352
6471
6353
6472
6354
6473
6355
6474
6356
6475
6357
6476
6358
6477
6359
6478
6479
6361
6480
6362
6481
6363
6482
6364
6483
6365
6484
6366
6485
6367
6486
6368
6487
6369
6488
6370
6489
6371
6490
6372
6491
6373
6492
6374
6493
6375
6494
6376
6495
6377
6496
6378
6497
6379
6498
6380
6499
6381
6500
6382
6501
6383
6502
6384
6503
6385
6504
6386
6505
6387
6506
6388
6507
6389
6508
6390
6509
6391
6510
6392
6511
6393
6512
6394
6513
6395
6514
6396
6515
6397
6516
6398
6517
6399
6518
6400
6519
6401
6520
6402
6521
6403
6522
6404
6523
6405
6524
6406
6525
6407
6526
6408
6527
6409
6528
6410
6529
6411
6530
6412
6531
6413
6532
6414
6533
6415
6534
6416
6535
6417
6536
6418
6537
6419
6538
6420
6539
6421
6540
6422
6541
6423
6542
6424
6543
6425
6544
6426
6545
6427
6546
6428
6547
6429
6548
6430
6549
6431
6550
6432
6551
6433
6552
6434
6553
6435
6554
6436
6555
6437
6556
6438
6557
6439
6558
6440
6559
6441
6560
6442
6561
6443
6562
6444
6563
6445
6564
6446
6565
6447
6566
6448
6567
6449
6568
6450
6569
6451
6570
6452
6571
6453
6572
6454
6573
6455
6574
6456
6575
6457
6576
6458
6577
6459
6578
6460
6579
6461
6580
6462
6581
6463
6582
6464
6583
6465
6584
6466
6585
6467
6586
6468
6587
6469
6588
6470
6589
6471
6590
6472
6591
6473
6592
6474
6593
6475
6594
6476
6595
6477
6596
6478
6597
6479
6598
6599
6481
6600
6482
6601
6483
6602
6484
6603
6485
6604
6486
6605
6487
6606
6488
6607
6489
6608
6490
6609
6491
6610
6492
6611
6493
6612
6494
6613
6495
6614
6496
6615
6497
6616
6498
6617
6499
6618
6500
6619
6501
6620
6502
6621
6503
6622
6504
6623
6505
6624
6506
6625
6507
6626
6508
6627
6509
6628
6510
6629
6511
6630
6512
6631
6513
6632
6514
6633
6515
6634
6516
6635
6517
6636
6518
6637
6519
6638
6520
6639
6521
6640
6522
6641
6523
6642
6524
6643
6525
6644
6526
6645
6527
6646
6528
6647
6529
6648
6530
6649
6531
6650
6532
6651
6533
6652
6534
6653
6535
6654
6536
6655
6537
6656
6538
6657
6539
6658
6540
6659
6541
6660
6542
6661
6543
6662
6544
6663
6545
6664
6546
6665
6547
6666
6548
6667
6549
6668
6550
6669
6551
6670
6552
6671
6553
6672
6554
6673
6555
6674
6556
6675
6557
6676
6558
6677
6559
6678
6560
6679
6561
6680
6562
6681
6563
6682
6564
6683
6565
6684
6566
6685
6567
6686
6568
6687
6569
6688
6570
6689
6571
6690
6572
6691
6573
6692
6574
6693
6575
6694
6576
6695
6577
6696
6578
6697
6579
6698
6580
6699
6581
6700
6582
6701
6583
6702
6584
6703
6585
6704
6586
6705
6587
6706
6588
6707
6589
6708
6590
6709
6591
6710
6592
6711
6593
6712
6594
6713
6595
6714
6596
6715
6597
6716
6598
6717
6599
6718
6719
6601
6720
6602
6721
6603
6722
6604
6723
6605
6724
6606
6725
6607
6726
6608
6727
6609
6728
6610
6729
6611
6730
6612
6731
6613
6732
6614
6733
6615
6734
6616
6735
6617
6736
6618
6737
6619
6738
6620
6739
6621
6740
6622
6741
6623
6742
6624
6743
6625
6744
6626
6745
6627
6746
6628
6747
6629
6748
6630
6749
6631
6750
6632
6751
6633
6752
6634
6753
6635
6754
6636
6755
6637
6756
6638
6757
6639
6758
6640
6759
6641
6760
6642
6761
6643
6762
6644
6763
6645
6764
6646
6765
6647
6766
6648
6767
6649
6768
6650
6769
6651
6770
6652
6771
6653
6772
6654
6773
6655
6774
6656
6775
6657
6776
6658
6777
6659
6778
6660
6779
6661
6780
6662
6781
6663
6782
6664
6783
6665
6784
6666
6785
6667
6786
6668
6787
6669
6788
6670
6789
6671
6790
6672
6791
6673
6792
6674
6793
6675
6794
6676
6795
6677
6796
6678
6797
6679
6798
6680
6799
6681
6800
6682
6801
6683
6802
6684
6803
6685
6804
6686
6805
6687
6806
6688
6807
6689
6808
6690
6809
6691
6810
6692
6811
6693
6812
6694
6813
6695
6814
6696
6815
6697
6816
6698
6817
6699
6818
6700
6819
6701
6820
6702
6821
6703
6822
6704
6823
6705
6824
6706
6825
6707
6826
6708
6827
6709
6828
6710
6829
6711
6830
6712
6831
6713
6832
6714
6833
6715
6834
6716
6835
6717
6836
6718
6837
6719
6838
6839
6721
6840
6722
6841
6723
6842
6724
6843
6725
6844
6726
6845
6727
6846
6728
6847
6729
6848
6730
6849
6731
6850
6732
6851
6733
6852
6734
6853
6735
6854
6736
6855
6737
6856
6738
6857
6739
6858
6740
6859
6741
6860
6742
6861
6743
6862
6744
6863
6745
6864
6746
6865
6747
6866
6748
6867
6749
6868
6750
6869
6751
6870
6752
6871
6753
6872
6754
6873
6755
6874
6756
6875
6757
6876
6758
6877
6759
6878
6760
6879
6761
6880
6762
6881
6763
6882
6764
6883
6765
6884
6766
6885
6767
6886
6768
6887
6769
6888
6770
6889
6771
6890
6772
6891
6773
6892
6774
6893
6775
6894
6776
6895
6777
6896
6778
6897
6779
6898
6780
6899
6781
6900
6782
6901
6783
6902
6784
6903
6785
6904
6786
6905
6787
6906
6788
6907
6789
6908
6790
6909
6791
6910
6792
6911
6793
6912
6794
6913
6795
6914
6796
6915
6797
6916
6798
6917
6799
6918
6800
6919
6801
6920
6802
6921
6803
6922
6804
6923
6805
6924
6806
6925
6807
6926
6808
6927
6809
6928
6810
6929
6811
6930
6812
6931
6813
6932
6814
6933
6815
6934
6816
6935
6817
6936
6818
6937
6819
6938
6820
6939
6821
6940
6822
6941
6823
6942
6824
6943
6825
6944
6826
6945
6827
6946
6828
6947
6829
6948
6830
6949
6831
6950
6832
6951
6833
6952
6834
6953
6835
6954
6836
6955
6837
6956
6838
6957
6839
6958
6959
6841
6960
6842
6961
6843
6962
6844
6963
6845
6964
6846
6965
6847
6966
6848
6967
6849
6968
6850
6969
6851
6970
6852
6971
6853
6972
6854
6973
6855
6974
6856
6975
6857
6976
6858
6977
6859
6978
6860
6979
6861
6980
6862
6981
6863
6982
6864
6983
6865
6984
6866
6985
6867
6986
6868
6987
6869
6988
6870
6989
6871
6990
6872
6991
6873
6992
6874
6993
6875
6994
6876
6995
6877
6996
6878
6997
6879
6998
6880
6999
6881
7000
6882
7001
6883
7002
6884
7003
6885
7004
6886
7005
6887
7006
6888
7007
6889
7008
6890
7009
6891
7010
6892
7011
6893
7012
6894
7013
6895
7014
6896
7015
6897
7016
6898
7017
6899
7018
6900
7019
6901
7020
6902
7021
6903
7022
6904
7023
6905
7024
6906
7025
6907
7026
6908
7027
6909
7028
6910
7029
6911
7030
6912
7031
6913
7032
6914
7033
6915
7034
6916
7035
6917
7036
6918
7037
6919
7038
6920
7039
6921
7040
6922
7041
6923
7042
6924
7043
6925
7044
6926
7045
6927
7046
6928
7047
6929
7048
6930
7049
6931
7050
6932
7051
6933
7052
6934
7053
6935
7054
6936
7055
6937
7056
6938
7057
6939
7058
6940
7059
6941
7060
6942
7061
6943
7062
6944
7063
6945
7064
6946
7065
6947
7066
6948
7067
6949
7068
6950
7069
6951
7070
6952
7071
6953
7072
6954
7073
6955
7074
6956
7075
6957
7076
6958
7077
6959
7078
7079
6961
7080
6962
7081
6963
7082
6964
7083
6965
7084
6966
7085
6967
7086
6968
7087
6969
7088
6970
7089
6971
7090
6972
7091
6973
7092
6974
7093
6975
7094
6976
7095
6977
7096
6978
7097
6979
7098
6980
7099
6981
7100
6982
7101
6983
7102
6984
7103
6985
7104
6986
7105
6987
7106
6988
7107
6989
7108
6990
7109
6991
7110
6992
7111
6993
7112
6994
7113
6995
7114
6996
7115
6997
7116
6998
7117
6999
7118
7000
7119
7001
7120
7002
7121
7003
7122
7004
7123
7005
7124
7006
7125
7007
7126
7008
7127
7009
7128
7010
7129
7011
7130
7012
7131
7013
7132
7014
7133
7015
7134
7016
7135
7017
7136
7018
7137
7019
7138
7020
7139
7021
7140
7022
7141
7023
7142
7024
7143
7025
7144
7026
7145
7027
7146
7028
7147
7029
7148
7030
7149
7031
7150
7032
7151
7033
7152
7034
7153
7035
7154
7036
7155
7037
7156
7038
7157
7039
7158
7040
7159
7041
7160
7042
7161
7043
7162
7044
7163
7045
7164
7046
7165
7047
7166
7048
7167
7049
7168
7050
7169
7051
7170
7052
7171
7053
7172
7054
7173
7055
7174
7056
7175
7057
7176
7058
7177
7059
7178
7060
7179
7061
7180
7062
7181
7063
7182
7064
7183
7065
7184
7066
7185
7067
7186
7068
7187
7069
7188
7070
7189
7071
7190
7072
7191
7073
7192
7074
7193
7075
7194
7076
7195
7077
7196
7078
7197
7079
7198
7199
7081
7082
7083
7084
7085
7086
7087
7088
7089
7090
7091
7092
7093
7094
7095
7096
7097
7098
7099
7100
7101
7102
7103
7104
7105
7106
7107
7108
7109
7110
7111
7112
7113
7114
7115
7116
7117
7118
7119
7120
7121
7122
7123
7124
7125
7126
7127
7128
7129
7130
7131
7132
7133
7134
7135
7136
7137
7138
7139
7140
7141
7142
7143
7144
7145
7146
7147
7148
7149
7150
7151
7152
7153
7154
7155
7156
7157
7158
7159
7160
7161
7162
7163
7164
7165
7166
7167
7168
7169
7170
7171
7172
7173
7174
7175
7176
7177
7178
7179
7180
7181
7182
7183
7184
7185
7186
7187
7188
7189
7190
7191
7192
7193
7194
7195
7196
7197
7198
7199
)


// ************************************************************************* //
