/*--------------------------------*- C++ -*----------------------------------*\
| =========                 |                                                 |
| \\      /  F ield         | OpenFOAM: The Open Source CFD Toolbox           |
|  \\    /   O peration     | Version:  2412                                  |
|   \\  /    A nd           | Website:  www.openfoam.com                      |
|    \\/     M anipulation  |                                                 |
\*---------------------------------------------------------------------------*/
FoamFile
{
    version     2.0;
    format      ascii;
    arch        "LSB;label=32;scalar=64";
    class       vectorField;
    location    "constant/polyMesh";
    object      points;
}
// * * * * * * * * * * * * * * * * * * * * * * * * * * * * * * * * * * * * * //


3157
(
(0 0 0)
(0.1 0 0)
(0.2 0 0)
(0.3 0 0)
(0.4 0 0)
(0.5 0 0)
(0.6 0 0)
(0.7 0 0)
(0.8 0 0)
(0.9 0 0)
(1 0 0)
(1.1 0 0)
(1.2 0 0)
(1.3 0 0)
(1.4 0 0)
(1.5 0 0)
(1.6 0 0)
(1.7 0 0)
(1.8 0 0)
(1.9 0 0)
(2 0 0)
(2.1 0 0)
(2.2 0 0)
(2.3 0 0)
(2.4 0 0)
(2.5 0 0)
(2.6 0 0)
(2.7 0 0)
(2.8 0 0)
(2.9 0 0)
(3 0 0)
(3.1 0 0)
(3.2 0 0)
(3.3 0 0)
(3.4 0 0)
(3.5 0 0)
(3.6 0 0)
(3.7 0 0)
(3.8 0 0)
(3.9 0 0)
(4 0 0)
(0 0.1 0)
(0.1 0.1 0)
(0.2 0.1 0)
(0.3 0.1 0)
(0.4 0.1 0)
(0.5 0.1 0)
(0.6 0.1 0)
(0.7 0.1 0)
(0.8 0.1 0)
(0.9 0.1 0)
(1 0.1 0)
(1.1 0.1 0)
(1.2 0.1 0)
(1.3 0.1 0)
(1.4 0.1 0)
(1.5 0.1 0)
(1.6 0.1 0)
(1.7 0.1 0)
(1.8 0.1 0)
(1.9 0.1 0)
(2 0.1 0)
(2.1 0.1 0)
(2.2 0.1 0)
(2.3 0.1 0)
(2.4 0.1 0)
(2.5 0.1 0)
(2.6 0.1 0)
(2.7 0.1 0)
(2.8 0.1 0)
(2.9 0.1 0)
(3 0.1 0)
(3.1 0.1 0)
(3.2 0.1 0)
(3.3 0.1 0)
(3.4 0.1 0)
(3.5 0.1 0)
(3.6 0.1 0)
(3.7 0.1 0)
(3.8 0.1 0)
(3.9 0.1 0)
(4 0.1 0)
(0 0.2 0)
(0.1 0.2 0)
(0.2 0.2 0)
(0.3 0.2 0)
(0.4 0.2 0)
(0.5 0.2 0)
(0.6 0.2 0)
(0.7 0.2 0)
(0.8 0.2 0)
(0.9 0.2 0)
(1 0.2 0)
(1.1 0.2 0)
(1.2 0.2 0)
(1.3 0.2 0)
(1.4 0.2 0)
(1.5 0.2 0)
(1.6 0.2 0)
(1.7 0.2 0)
(1.8 0.2 0)
(1.9 0.2 0)
(2 0.2 0)
(2.1 0.2 0)
(2.2 0.2 0)
(2.3 0.2 0)
(2.4 0.2 0)
(2.5 0.2 0)
(2.6 0.2 0)
(2.7 0.2 0)
(2.8 0.2 0)
(2.9 0.2 0)
(3 0.2 0)
(3.1 0.2 0)
(3.2 0.2 0)
(3.3 0.2 0)
(3.4 0.2 0)
(3.5 0.2 0)
(3.6 0.2 0)
(3.7 0.2 0)
(3.8 0.2 0)
(3.9 0.2 0)
(4 0.2 0)
(0 0.3 0)
(0.1 0.3 0)
(0.2 0.3 0)
(0.3 0.3 0)
(0.4 0.3 0)
(0.5 0.3 0)
(0.6 0.3 0)
(0.7 0.3 0)
(0.8 0.3 0)
(0.9 0.3 0)
(1 0.3 0)
(1.1 0.3 0)
(1.2 0.3 0)
(1.3 0.3 0)
(1.4 0.3 0)
(1.5 0.3 0)
(1.6 0.3 0)
(1.7 0.3 0)
(1.8 0.3 0)
(1.9 0.3 0)
(2 0.3 0)
(2.1 0.3 0)
(2.2 0.3 0)
(2.3 0.3 0)
(2.4 0.3 0)
(2.5 0.3 0)
(2.6 0.3 0)
(2.7 0.3 0)
(2.8 0.3 0)
(2.9 0.3 0)
(3 0.3 0)
(3.1 0.3 0)
(3.2 0.3 0)
(3.3 0.3 0)
(3.4 0.3 0)
(3.5 0.3 0)
(3.6 0.3 0)
(3.7 0.3 0)
(3.8 0.3 0)
(3.9 0.3 0)
(4 0.3 0)
(0 0.4 0)
(0.1 0.4 0)
(0.2 0.4 0)
(0.3 0.4 0)
(0.4 0.4 0)
(0.5 0.4 0)
(0.6 0.4 0)
(0.7 0.4 0)
(0.8 0.4 0)
(0.9 0.4 0)
(1 0.4 0)
(1.1 0.4 0)
(1.2 0.4 0)
(1.3 0.4 0)
(1.4 0.4 0)
(1.5 0.4 0)
(1.6 0.4 0)
(1.7 0.4 0)
(1.8 0.4 0)
(1.9 0.4 0)
(2 0.4 0)
(2.1 0.4 0)
(2.2 0.4 0)
(2.3 0.4 0)
(2.4 0.4 0)
(2.5 0.4 0)
(2.6 0.4 0)
(2.7 0.4 0)
(2.8 0.4 0)
(2.9 0.4 0)
(3 0.4 0)
(3.1 0.4 0)
(3.2 0.4 0)
(3.3 0.4 0)
(3.4 0.4 0)
(3.5 0.4 0)
(3.6 0.4 0)
(3.7 0.4 0)
(3.8 0.4 0)
(3.9 0.4 0)
(4 0.4 0)
(0 0.5 0)
(0.1 0.5 0)
(0.2 0.5 0)
(0.3 0.5 0)
(0.4 0.5 0)
(0.5 0.5 0)
(0.6 0.5 0)
(0.7 0.5 0)
(0.8 0.5 0)
(0.9 0.5 0)
(1 0.5 0)
(1.1 0.5 0)
(1.2 0.5 0)
(1.3 0.5 0)
(1.4 0.5 0)
(1.5 0.5 0)
(1.6 0.5 0)
(1.7 0.5 0)
(1.8 0.5 0)
(1.9 0.5 0)
(2 0.5 0)
(2.1 0.5 0)
(2.2 0.5 0)
(2.3 0.5 0)
(2.4 0.5 0)
(2.5 0.5 0)
(2.6 0.5 0)
(2.7 0.5 0)
(2.8 0.5 0)
(2.9 0.5 0)
(3 0.5 0)
(3.1 0.5 0)
(3.2 0.5 0)
(3.3 0.5 0)
(3.4 0.5 0)
(3.5 0.5 0)
(3.6 0.5 0)
(3.7 0.5 0)
(3.8 0.5 0)
(3.9 0.5 0)
(4 0.5 0)
(0 0.6 0)
(0.1 0.6 0)
(0.2 0.6 0)
(0.3 0.6 0)
(0.4 0.6 0)
(0.5 0.6 0)
(0.6 0.6 0)
(0.7 0.6 0)
(0.8 0.6 0)
(0.9 0.6 0)
(1 0.6 0)
(1.1 0.6 0)
(1.2 0.6 0)
(1.3 0.6 0)
(1.4 0.6 0)
(1.5 0.6 0)
(1.6 0.6 0)
(1.7 0.6 0)
(1.8 0.6 0)
(1.9 0.6 0)
(2 0.6 0)
(2.1 0.6 0)
(2.2 0.6 0)
(2.3 0.6 0)
(2.4 0.6 0)
(2.5 0.6 0)
(2.6 0.6 0)
(2.7 0.6 0)
(2.8 0.6 0)
(2.9 0.6 0)
(3 0.6 0)
(3.1 0.6 0)
(3.2 0.6 0)
(3.3 0.6 0)
(3.4 0.6 0)
(3.5 0.6 0)
(3.6 0.6 0)
(3.7 0.6 0)
(3.8 0.6 0)
(3.9 0.6 0)
(4 0.6 0)
(0 0.7 0)
(0.1 0.7 0)
(0.2 0.7 0)
(0.3 0.7 0)
(0.4 0.7 0)
(0.5 0.7 0)
(0.6 0.7 0)
(0.7 0.7 0)
(0.8 0.7 0)
(0.9 0.7 0)
(1 0.7 0)
(1.1 0.7 0)
(1.2 0.7 0)
(1.3 0.7 0)
(1.4 0.7 0)
(1.5 0.7 0)
(1.6 0.7 0)
(1.7 0.7 0)
(1.8 0.7 0)
(1.9 0.7 0)
(2 0.7 0)
(2.1 0.7 0)
(2.2 0.7 0)
(2.3 0.7 0)
(2.4 0.7 0)
(2.5 0.7 0)
(2.6 0.7 0)
(2.7 0.7 0)
(2.8 0.7 0)
(2.9 0.7 0)
(3 0.7 0)
(3.1 0.7 0)
(3.2 0.7 0)
(3.3 0.7 0)
(3.4 0.7 0)
(3.5 0.7 0)
(3.6 0.7 0)
(3.7 0.7 0)
(3.8 0.7 0)
(3.9 0.7 0)
(4 0.7 0)
(0 0.8 0)
(0.1 0.8 0)
(0.2 0.8 0)
(0.3 0.8 0)
(0.4 0.8 0)
(0.5 0.8 0)
(0.6 0.8 0)
(0.7 0.8 0)
(0.8 0.8 0)
(0.9 0.8 0)
(1 0.8 0)
(1.1 0.8 0)
(1.2 0.8 0)
(1.3 0.8 0)
(1.4 0.8 0)
(1.5 0.8 0)
(1.6 0.8 0)
(1.7 0.8 0)
(1.8 0.8 0)
(1.9 0.8 0)
(2 0.8 0)
(2.1 0.8 0)
(2.2 0.8 0)
(2.3 0.8 0)
(2.4 0.8 0)
(2.5 0.8 0)
(2.6 0.8 0)
(2.7 0.8 0)
(2.8 0.8 0)
(2.9 0.8 0)
(3 0.8 0)
(3.1 0.8 0)
(3.2 0.8 0)
(3.3 0.8 0)
(3.4 0.8 0)
(3.5 0.8 0)
(3.6 0.8 0)
(3.7 0.8 0)
(3.8 0.8 0)
(3.9 0.8 0)
(4 0.8 0)
(0 0.9 0)
(0.1 0.9 0)
(0.2 0.9 0)
(0.3 0.9 0)
(0.4 0.9 0)
(0.5 0.9 0)
(0.6 0.9 0)
(0.7 0.9 0)
(0.8 0.9 0)
(0.9 0.9 0)
(1 0.9 0)
(1.1 0.9 0)
(1.2 0.9 0)
(1.3 0.9 0)
(1.4 0.9 0)
(1.5 0.9 0)
(1.6 0.9 0)
(1.7 0.9 0)
(1.8 0.9 0)
(1.9 0.9 0)
(2 0.9 0)
(2.1 0.9 0)
(2.2 0.9 0)
(2.3 0.9 0)
(2.4 0.9 0)
(2.5 0.9 0)
(2.6 0.9 0)
(2.7 0.9 0)
(2.8 0.9 0)
(2.9 0.9 0)
(3 0.9 0)
(3.1 0.9 0)
(3.2 0.9 0)
(3.3 0.9 0)
(3.4 0.9 0)
(3.5 0.9 0)
(3.6 0.9 0)
(3.7 0.9 0)
(3.8 0.9 0)
(3.9 0.9 0)
(4 0.9 0)
(0 1 0)
(0.1 1 0)
(0.2 1 0)
(0.3 1 0)
(0.4 1 0)
(0.5 1 0)
(0.6 1 0)
(0.7 1 0)
(0.8 1 0)
(0.9 1 0)
(1 1 0)
(1.1 1 0)
(1.2 1 0)
(1.3 1 0)
(1.4 1 0)
(1.5 1 0)
(1.6 1 0)
(1.7 1 0)
(1.8 1 0)
(1.9 1 0)
(2 1 0)
(2.1 1 0)
(2.2 1 0)
(2.3 1 0)
(2.4 1 0)
(2.5 1 0)
(2.6 1 0)
(2.7 1 0)
(2.8 1 0)
(2.9 1 0)
(3 1 0)
(3.1 1 0)
(3.2 1 0)
(3.3 1 0)
(3.4 1 0)
(3.5 1 0)
(3.6 1 0)
(3.7 1 0)
(3.8 1 0)
(3.9 1 0)
(4 1 0)
(0 0 0.01666666667)
(0.1 0 0.01666666667)
(0.2 0 0.01666666667)
(0.3 0 0.01666666667)
(0.4 0 0.01666666667)
(0.5 0 0.01666666667)
(0.6 0 0.01666666667)
(0.7 0 0.01666666667)
(0.8 0 0.01666666667)
(0.9 0 0.01666666667)
(1 0 0.01666666667)
(1.1 0 0.01666666667)
(1.2 0 0.01666666667)
(1.3 0 0.01666666667)
(1.4 0 0.01666666667)
(1.5 0 0.01666666667)
(1.6 0 0.01666666667)
(1.7 0 0.01666666667)
(1.8 0 0.01666666667)
(1.9 0 0.01666666667)
(2 0 0.01666666667)
(2.1 0 0.01666666667)
(2.2 0 0.01666666667)
(2.3 0 0.01666666667)
(2.4 0 0.01666666667)
(2.5 0 0.01666666667)
(2.6 0 0.01666666667)
(2.7 0 0.01666666667)
(2.8 0 0.01666666667)
(2.9 0 0.01666666667)
(3 0 0.01666666667)
(3.1 0 0.01666666667)
(3.2 0 0.01666666667)
(3.3 0 0.01666666667)
(3.4 0 0.01666666667)
(3.5 0 0.01666666667)
(3.6 0 0.01666666667)
(3.7 0 0.01666666667)
(3.8 0 0.01666666667)
(3.9 0 0.01666666667)
(4 0 0.01666666667)
(0 0.1 0.01666666667)
(0.1 0.1 0.01666666667)
(0.2 0.1 0.01666666667)
(0.3 0.1 0.01666666667)
(0.4 0.1 0.01666666667)
(0.5 0.1 0.01666666667)
(0.6 0.1 0.01666666667)
(0.7 0.1 0.01666666667)
(0.8 0.1 0.01666666667)
(0.9 0.1 0.01666666667)
(1 0.1 0.01666666667)
(1.1 0.1 0.01666666667)
(1.2 0.1 0.01666666667)
(1.3 0.1 0.01666666667)
(1.4 0.1 0.01666666667)
(1.5 0.1 0.01666666667)
(1.6 0.1 0.01666666667)
(1.7 0.1 0.01666666667)
(1.8 0.1 0.01666666667)
(1.9 0.1 0.01666666667)
(2 0.1 0.01666666667)
(2.1 0.1 0.01666666667)
(2.2 0.1 0.01666666667)
(2.3 0.1 0.01666666667)
(2.4 0.1 0.01666666667)
(2.5 0.1 0.01666666667)
(2.6 0.1 0.01666666667)
(2.7 0.1 0.01666666667)
(2.8 0.1 0.01666666667)
(2.9 0.1 0.01666666667)
(3 0.1 0.01666666667)
(3.1 0.1 0.01666666667)
(3.2 0.1 0.01666666667)
(3.3 0.1 0.01666666667)
(3.4 0.1 0.01666666667)
(3.5 0.1 0.01666666667)
(3.6 0.1 0.01666666667)
(3.7 0.1 0.01666666667)
(3.8 0.1 0.01666666667)
(3.9 0.1 0.01666666667)
(4 0.1 0.01666666667)
(0 0.2 0.01666666667)
(0.1 0.2 0.01666666667)
(0.2 0.2 0.01666666667)
(0.3 0.2 0.01666666667)
(0.4 0.2 0.01666666667)
(0.5 0.2 0.01666666667)
(0.6 0.2 0.01666666667)
(0.7 0.2 0.01666666667)
(0.8 0.2 0.01666666667)
(0.9 0.2 0.01666666667)
(1 0.2 0.01666666667)
(1.1 0.2 0.01666666667)
(1.2 0.2 0.01666666667)
(1.3 0.2 0.01666666667)
(1.4 0.2 0.01666666667)
(1.5 0.2 0.01666666667)
(1.6 0.2 0.01666666667)
(1.7 0.2 0.01666666667)
(1.8 0.2 0.01666666667)
(1.9 0.2 0.01666666667)
(2 0.2 0.01666666667)
(2.1 0.2 0.01666666667)
(2.2 0.2 0.01666666667)
(2.3 0.2 0.01666666667)
(2.4 0.2 0.01666666667)
(2.5 0.2 0.01666666667)
(2.6 0.2 0.01666666667)
(2.7 0.2 0.01666666667)
(2.8 0.2 0.01666666667)
(2.9 0.2 0.01666666667)
(3 0.2 0.01666666667)
(3.1 0.2 0.01666666667)
(3.2 0.2 0.01666666667)
(3.3 0.2 0.01666666667)
(3.4 0.2 0.01666666667)
(3.5 0.2 0.01666666667)
(3.6 0.2 0.01666666667)
(3.7 0.2 0.01666666667)
(3.8 0.2 0.01666666667)
(3.9 0.2 0.01666666667)
(4 0.2 0.01666666667)
(0 0.3 0.01666666667)
(0.1 0.3 0.01666666667)
(0.2 0.3 0.01666666667)
(0.3 0.3 0.01666666667)
(0.4 0.3 0.01666666667)
(0.5 0.3 0.01666666667)
(0.6 0.3 0.01666666667)
(0.7 0.3 0.01666666667)
(0.8 0.3 0.01666666667)
(0.9 0.3 0.01666666667)
(1 0.3 0.01666666667)
(1.1 0.3 0.01666666667)
(1.2 0.3 0.01666666667)
(1.3 0.3 0.01666666667)
(1.4 0.3 0.01666666667)
(1.5 0.3 0.01666666667)
(1.6 0.3 0.01666666667)
(1.7 0.3 0.01666666667)
(1.8 0.3 0.01666666667)
(1.9 0.3 0.01666666667)
(2 0.3 0.01666666667)
(2.1 0.3 0.01666666667)
(2.2 0.3 0.01666666667)
(2.3 0.3 0.01666666667)
(2.4 0.3 0.01666666667)
(2.5 0.3 0.01666666667)
(2.6 0.3 0.01666666667)
(2.7 0.3 0.01666666667)
(2.8 0.3 0.01666666667)
(2.9 0.3 0.01666666667)
(3 0.3 0.01666666667)
(3.1 0.3 0.01666666667)
(3.2 0.3 0.01666666667)
(3.3 0.3 0.01666666667)
(3.4 0.3 0.01666666667)
(3.5 0.3 0.01666666667)
(3.6 0.3 0.01666666667)
(3.7 0.3 0.01666666667)
(3.8 0.3 0.01666666667)
(3.9 0.3 0.01666666667)
(4 0.3 0.01666666667)
(0 0.4 0.01666666667)
(0.1 0.4 0.01666666667)
(0.2 0.4 0.01666666667)
(0.3 0.4 0.01666666667)
(0.4 0.4 0.01666666667)
(0.5 0.4 0.01666666667)
(0.6 0.4 0.01666666667)
(0.7 0.4 0.01666666667)
(0.8 0.4 0.01666666667)
(0.9 0.4 0.01666666667)
(1 0.4 0.01666666667)
(1.1 0.4 0.01666666667)
(1.2 0.4 0.01666666667)
(1.3 0.4 0.01666666667)
(1.4 0.4 0.01666666667)
(1.5 0.4 0.01666666667)
(1.6 0.4 0.01666666667)
(1.7 0.4 0.01666666667)
(1.8 0.4 0.01666666667)
(1.9 0.4 0.01666666667)
(2 0.4 0.01666666667)
(2.1 0.4 0.01666666667)
(2.2 0.4 0.01666666667)
(2.3 0.4 0.01666666667)
(2.4 0.4 0.01666666667)
(2.5 0.4 0.01666666667)
(2.6 0.4 0.01666666667)
(2.7 0.4 0.01666666667)
(2.8 0.4 0.01666666667)
(2.9 0.4 0.01666666667)
(3 0.4 0.01666666667)
(3.1 0.4 0.01666666667)
(3.2 0.4 0.01666666667)
(3.3 0.4 0.01666666667)
(3.4 0.4 0.01666666667)
(3.5 0.4 0.01666666667)
(3.6 0.4 0.01666666667)
(3.7 0.4 0.01666666667)
(3.8 0.4 0.01666666667)
(3.9 0.4 0.01666666667)
(4 0.4 0.01666666667)
(0 0.5 0.01666666667)
(0.1 0.5 0.01666666667)
(0.2 0.5 0.01666666667)
(0.3 0.5 0.01666666667)
(0.4 0.5 0.01666666667)
(0.5 0.5 0.01666666667)
(0.6 0.5 0.01666666667)
(0.7 0.5 0.01666666667)
(0.8 0.5 0.01666666667)
(0.9 0.5 0.01666666667)
(1 0.5 0.01666666667)
(1.1 0.5 0.01666666667)
(1.2 0.5 0.01666666667)
(1.3 0.5 0.01666666667)
(1.4 0.5 0.01666666667)
(1.5 0.5 0.01666666667)
(1.6 0.5 0.01666666667)
(1.7 0.5 0.01666666667)
(1.8 0.5 0.01666666667)
(1.9 0.5 0.01666666667)
(2 0.5 0.01666666667)
(2.1 0.5 0.01666666667)
(2.2 0.5 0.01666666667)
(2.3 0.5 0.01666666667)
(2.4 0.5 0.01666666667)
(2.5 0.5 0.01666666667)
(2.6 0.5 0.01666666667)
(2.7 0.5 0.01666666667)
(2.8 0.5 0.01666666667)
(2.9 0.5 0.01666666667)
(3 0.5 0.01666666667)
(3.1 0.5 0.01666666667)
(3.2 0.5 0.01666666667)
(3.3 0.5 0.01666666667)
(3.4 0.5 0.01666666667)
(3.5 0.5 0.01666666667)
(3.6 0.5 0.01666666667)
(3.7 0.5 0.01666666667)
(3.8 0.5 0.01666666667)
(3.9 0.5 0.01666666667)
(4 0.5 0.01666666667)
(0 0.6 0.01666666667)
(0.1 0.6 0.01666666667)
(0.2 0.6 0.01666666667)
(0.3 0.6 0.01666666667)
(0.4 0.6 0.01666666667)
(0.5 0.6 0.01666666667)
(0.6 0.6 0.01666666667)
(0.7 0.6 0.01666666667)
(0.8 0.6 0.01666666667)
(0.9 0.6 0.01666666667)
(1 0.6 0.01666666667)
(1.1 0.6 0.01666666667)
(1.2 0.6 0.01666666667)
(1.3 0.6 0.01666666667)
(1.4 0.6 0.01666666667)
(1.5 0.6 0.01666666667)
(1.6 0.6 0.01666666667)
(1.7 0.6 0.01666666667)
(1.8 0.6 0.01666666667)
(1.9 0.6 0.01666666667)
(2 0.6 0.01666666667)
(2.1 0.6 0.01666666667)
(2.2 0.6 0.01666666667)
(2.3 0.6 0.01666666667)
(2.4 0.6 0.01666666667)
(2.5 0.6 0.01666666667)
(2.6 0.6 0.01666666667)
(2.7 0.6 0.01666666667)
(2.8 0.6 0.01666666667)
(2.9 0.6 0.01666666667)
(3 0.6 0.01666666667)
(3.1 0.6 0.01666666667)
(3.2 0.6 0.01666666667)
(3.3 0.6 0.01666666667)
(3.4 0.6 0.01666666667)
(3.5 0.6 0.01666666667)
(3.6 0.6 0.01666666667)
(3.7 0.6 0.01666666667)
(3.8 0.6 0.01666666667)
(3.9 0.6 0.01666666667)
(4 0.6 0.01666666667)
(0 0.7 0.01666666667)
(0.1 0.7 0.01666666667)
(0.2 0.7 0.01666666667)
(0.3 0.7 0.01666666667)
(0.4 0.7 0.01666666667)
(0.5 0.7 0.01666666667)
(0.6 0.7 0.01666666667)
(0.7 0.7 0.01666666667)
(0.8 0.7 0.01666666667)
(0.9 0.7 0.01666666667)
(1 0.7 0.01666666667)
(1.1 0.7 0.01666666667)
(1.2 0.7 0.01666666667)
(1.3 0.7 0.01666666667)
(1.4 0.7 0.01666666667)
(1.5 0.7 0.01666666667)
(1.6 0.7 0.01666666667)
(1.7 0.7 0.01666666667)
(1.8 0.7 0.01666666667)
(1.9 0.7 0.01666666667)
(2 0.7 0.01666666667)
(2.1 0.7 0.01666666667)
(2.2 0.7 0.01666666667)
(2.3 0.7 0.01666666667)
(2.4 0.7 0.01666666667)
(2.5 0.7 0.01666666667)
(2.6 0.7 0.01666666667)
(2.7 0.7 0.01666666667)
(2.8 0.7 0.01666666667)
(2.9 0.7 0.01666666667)
(3 0.7 0.01666666667)
(3.1 0.7 0.01666666667)
(3.2 0.7 0.01666666667)
(3.3 0.7 0.01666666667)
(3.4 0.7 0.01666666667)
(3.5 0.7 0.01666666667)
(3.6 0.7 0.01666666667)
(3.7 0.7 0.01666666667)
(3.8 0.7 0.01666666667)
(3.9 0.7 0.01666666667)
(4 0.7 0.01666666667)
(0 0.8 0.01666666667)
(0.1 0.8 0.01666666667)
(0.2 0.8 0.01666666667)
(0.3 0.8 0.01666666667)
(0.4 0.8 0.01666666667)
(0.5 0.8 0.01666666667)
(0.6 0.8 0.01666666667)
(0.7 0.8 0.01666666667)
(0.8 0.8 0.01666666667)
(0.9 0.8 0.01666666667)
(1 0.8 0.01666666667)
(1.1 0.8 0.01666666667)
(1.2 0.8 0.01666666667)
(1.3 0.8 0.01666666667)
(1.4 0.8 0.01666666667)
(1.5 0.8 0.01666666667)
(1.6 0.8 0.01666666667)
(1.7 0.8 0.01666666667)
(1.8 0.8 0.01666666667)
(1.9 0.8 0.01666666667)
(2 0.8 0.01666666667)
(2.1 0.8 0.01666666667)
(2.2 0.8 0.01666666667)
(2.3 0.8 0.01666666667)
(2.4 0.8 0.01666666667)
(2.5 0.8 0.01666666667)
(2.6 0.8 0.01666666667)
(2.7 0.8 0.01666666667)
(2.8 0.8 0.01666666667)
(2.9 0.8 0.01666666667)
(3 0.8 0.01666666667)
(3.1 0.8 0.01666666667)
(3.2 0.8 0.01666666667)
(3.3 0.8 0.01666666667)
(3.4 0.8 0.01666666667)
(3.5 0.8 0.01666666667)
(3.6 0.8 0.01666666667)
(3.7 0.8 0.01666666667)
(3.8 0.8 0.01666666667)
(3.9 0.8 0.01666666667)
(4 0.8 0.01666666667)
(0 0.9 0.01666666667)
(0.1 0.9 0.01666666667)
(0.2 0.9 0.01666666667)
(0.3 0.9 0.01666666667)
(0.4 0.9 0.01666666667)
(0.5 0.9 0.01666666667)
(0.6 0.9 0.01666666667)
(0.7 0.9 0.01666666667)
(0.8 0.9 0.01666666667)
(0.9 0.9 0.01666666667)
(1 0.9 0.01666666667)
(1.1 0.9 0.01666666667)
(1.2 0.9 0.01666666667)
(1.3 0.9 0.01666666667)
(1.4 0.9 0.01666666667)
(1.5 0.9 0.01666666667)
(1.6 0.9 0.01666666667)
(1.7 0.9 0.01666666667)
(1.8 0.9 0.01666666667)
(1.9 0.9 0.01666666667)
(2 0.9 0.01666666667)
(2.1 0.9 0.01666666667)
(2.2 0.9 0.01666666667)
(2.3 0.9 0.01666666667)
(2.4 0.9 0.01666666667)
(2.5 0.9 0.01666666667)
(2.6 0.9 0.01666666667)
(2.7 0.9 0.01666666667)
(2.8 0.9 0.01666666667)
(2.9 0.9 0.01666666667)
(3 0.9 0.01666666667)
(3.1 0.9 0.01666666667)
(3.2 0.9 0.01666666667)
(3.3 0.9 0.01666666667)
(3.4 0.9 0.01666666667)
(3.5 0.9 0.01666666667)
(3.6 0.9 0.01666666667)
(3.7 0.9 0.01666666667)
(3.8 0.9 0.01666666667)
(3.9 0.9 0.01666666667)
(4 0.9 0.01666666667)
(0 1 0.01666666667)
(0.1 1 0.01666666667)
(0.2 1 0.01666666667)
(0.3 1 0.01666666667)
(0.4 1 0.01666666667)
(0.5 1 0.01666666667)
(0.6 1 0.01666666667)
(0.7 1 0.01666666667)
(0.8 1 0.01666666667)
(0.9 1 0.01666666667)
(1 1 0.01666666667)
(1.1 1 0.01666666667)
(1.2 1 0.01666666667)
(1.3 1 0.01666666667)
(1.4 1 0.01666666667)
(1.5 1 0.01666666667)
(1.6 1 0.01666666667)
(1.7 1 0.01666666667)
(1.8 1 0.01666666667)
(1.9 1 0.01666666667)
(2 1 0.01666666667)
(2.1 1 0.01666666667)
(2.2 1 0.01666666667)
(2.3 1 0.01666666667)
(2.4 1 0.01666666667)
(2.5 1 0.01666666667)
(2.6 1 0.01666666667)
(2.7 1 0.01666666667)
(2.8 1 0.01666666667)
(2.9 1 0.01666666667)
(3 1 0.01666666667)
(3.1 1 0.01666666667)
(3.2 1 0.01666666667)
(3.3 1 0.01666666667)
(3.4 1 0.01666666667)
(3.5 1 0.01666666667)
(3.6 1 0.01666666667)
(3.7 1 0.01666666667)
(3.8 1 0.01666666667)
(3.9 1 0.01666666667)
(4 1 0.01666666667)
(0 0 0.03333333333)
(0.1 0 0.03333333333)
(0.2 0 0.03333333333)
(0.3 0 0.03333333333)
(0.4 0 0.03333333333)
(0.5 0 0.03333333333)
(0.6 0 0.03333333333)
(0.7 0 0.03333333333)
(0.8 0 0.03333333333)
(0.9 0 0.03333333333)
(1 0 0.03333333333)
(1.1 0 0.03333333333)
(1.2 0 0.03333333333)
(1.3 0 0.03333333333)
(1.4 0 0.03333333333)
(1.5 0 0.03333333333)
(1.6 0 0.03333333333)
(1.7 0 0.03333333333)
(1.8 0 0.03333333333)
(1.9 0 0.03333333333)
(2 0 0.03333333333)
(2.1 0 0.03333333333)
(2.2 0 0.03333333333)
(2.3 0 0.03333333333)
(2.4 0 0.03333333333)
(2.5 0 0.03333333333)
(2.6 0 0.03333333333)
(2.7 0 0.03333333333)
(2.8 0 0.03333333333)
(2.9 0 0.03333333333)
(3 0 0.03333333333)
(3.1 0 0.03333333333)
(3.2 0 0.03333333333)
(3.3 0 0.03333333333)
(3.4 0 0.03333333333)
(3.5 0 0.03333333333)
(3.6 0 0.03333333333)
(3.7 0 0.03333333333)
(3.8 0 0.03333333333)
(3.9 0 0.03333333333)
(4 0 0.03333333333)
(0 0.1 0.03333333333)
(0.1 0.1 0.03333333333)
(0.2 0.1 0.03333333333)
(0.3 0.1 0.03333333333)
(0.4 0.1 0.03333333333)
(0.5 0.1 0.03333333333)
(0.6 0.1 0.03333333333)
(0.7 0.1 0.03333333333)
(0.8 0.1 0.03333333333)
(0.9 0.1 0.03333333333)
(1 0.1 0.03333333333)
(1.1 0.1 0.03333333333)
(1.2 0.1 0.03333333333)
(1.3 0.1 0.03333333333)
(1.4 0.1 0.03333333333)
(1.5 0.1 0.03333333333)
(1.6 0.1 0.03333333333)
(1.7 0.1 0.03333333333)
(1.8 0.1 0.03333333333)
(1.9 0.1 0.03333333333)
(2 0.1 0.03333333333)
(2.1 0.1 0.03333333333)
(2.2 0.1 0.03333333333)
(2.3 0.1 0.03333333333)
(2.4 0.1 0.03333333333)
(2.5 0.1 0.03333333333)
(2.6 0.1 0.03333333333)
(2.7 0.1 0.03333333333)
(2.8 0.1 0.03333333333)
(2.9 0.1 0.03333333333)
(3 0.1 0.03333333333)
(3.1 0.1 0.03333333333)
(3.2 0.1 0.03333333333)
(3.3 0.1 0.03333333333)
(3.4 0.1 0.03333333333)
(3.5 0.1 0.03333333333)
(3.6 0.1 0.03333333333)
(3.7 0.1 0.03333333333)
(3.8 0.1 0.03333333333)
(3.9 0.1 0.03333333333)
(4 0.1 0.03333333333)
(0 0.2 0.03333333333)
(0.1 0.2 0.03333333333)
(0.2 0.2 0.03333333333)
(0.3 0.2 0.03333333333)
(0.4 0.2 0.03333333333)
(0.5 0.2 0.03333333333)
(0.6 0.2 0.03333333333)
(0.7 0.2 0.03333333333)
(0.8 0.2 0.03333333333)
(0.9 0.2 0.03333333333)
(1 0.2 0.03333333333)
(1.1 0.2 0.03333333333)
(1.2 0.2 0.03333333333)
(1.3 0.2 0.03333333333)
(1.4 0.2 0.03333333333)
(1.5 0.2 0.03333333333)
(1.6 0.2 0.03333333333)
(1.7 0.2 0.03333333333)
(1.8 0.2 0.03333333333)
(1.9 0.2 0.03333333333)
(2 0.2 0.03333333333)
(2.1 0.2 0.03333333333)
(2.2 0.2 0.03333333333)
(2.3 0.2 0.03333333333)
(2.4 0.2 0.03333333333)
(2.5 0.2 0.03333333333)
(2.6 0.2 0.03333333333)
(2.7 0.2 0.03333333333)
(2.8 0.2 0.03333333333)
(2.9 0.2 0.03333333333)
(3 0.2 0.03333333333)
(3.1 0.2 0.03333333333)
(3.2 0.2 0.03333333333)
(3.3 0.2 0.03333333333)
(3.4 0.2 0.03333333333)
(3.5 0.2 0.03333333333)
(3.6 0.2 0.03333333333)
(3.7 0.2 0.03333333333)
(3.8 0.2 0.03333333333)
(3.9 0.2 0.03333333333)
(4 0.2 0.03333333333)
(0 0.3 0.03333333333)
(0.1 0.3 0.03333333333)
(0.2 0.3 0.03333333333)
(0.3 0.3 0.03333333333)
(0.4 0.3 0.03333333333)
(0.5 0.3 0.03333333333)
(0.6 0.3 0.03333333333)
(0.7 0.3 0.03333333333)
(0.8 0.3 0.03333333333)
(0.9 0.3 0.03333333333)
(1 0.3 0.03333333333)
(1.1 0.3 0.03333333333)
(1.2 0.3 0.03333333333)
(1.3 0.3 0.03333333333)
(1.4 0.3 0.03333333333)
(1.5 0.3 0.03333333333)
(1.6 0.3 0.03333333333)
(1.7 0.3 0.03333333333)
(1.8 0.3 0.03333333333)
(1.9 0.3 0.03333333333)
(2 0.3 0.03333333333)
(2.1 0.3 0.03333333333)
(2.2 0.3 0.03333333333)
(2.3 0.3 0.03333333333)
(2.4 0.3 0.03333333333)
(2.5 0.3 0.03333333333)
(2.6 0.3 0.03333333333)
(2.7 0.3 0.03333333333)
(2.8 0.3 0.03333333333)
(2.9 0.3 0.03333333333)
(3 0.3 0.03333333333)
(3.1 0.3 0.03333333333)
(3.2 0.3 0.03333333333)
(3.3 0.3 0.03333333333)
(3.4 0.3 0.03333333333)
(3.5 0.3 0.03333333333)
(3.6 0.3 0.03333333333)
(3.7 0.3 0.03333333333)
(3.8 0.3 0.03333333333)
(3.9 0.3 0.03333333333)
(4 0.3 0.03333333333)
(0 0.4 0.03333333333)
(0.1 0.4 0.03333333333)
(0.2 0.4 0.03333333333)
(0.3 0.4 0.03333333333)
(0.4 0.4 0.03333333333)
(0.5 0.4 0.03333333333)
(0.6 0.4 0.03333333333)
(0.7 0.4 0.03333333333)
(0.8 0.4 0.03333333333)
(0.9 0.4 0.03333333333)
(1 0.4 0.03333333333)
(1.1 0.4 0.03333333333)
(1.2 0.4 0.03333333333)
(1.3 0.4 0.03333333333)
(1.4 0.4 0.03333333333)
(1.5 0.4 0.03333333333)
(1.6 0.4 0.03333333333)
(1.7 0.4 0.03333333333)
(1.8 0.4 0.03333333333)
(1.9 0.4 0.03333333333)
(2 0.4 0.03333333333)
(2.1 0.4 0.03333333333)
(2.2 0.4 0.03333333333)
(2.3 0.4 0.03333333333)
(2.4 0.4 0.03333333333)
(2.5 0.4 0.03333333333)
(2.6 0.4 0.03333333333)
(2.7 0.4 0.03333333333)
(2.8 0.4 0.03333333333)
(2.9 0.4 0.03333333333)
(3 0.4 0.03333333333)
(3.1 0.4 0.03333333333)
(3.2 0.4 0.03333333333)
(3.3 0.4 0.03333333333)
(3.4 0.4 0.03333333333)
(3.5 0.4 0.03333333333)
(3.6 0.4 0.03333333333)
(3.7 0.4 0.03333333333)
(3.8 0.4 0.03333333333)
(3.9 0.4 0.03333333333)
(4 0.4 0.03333333333)
(0 0.5 0.03333333333)
(0.1 0.5 0.03333333333)
(0.2 0.5 0.03333333333)
(0.3 0.5 0.03333333333)
(0.4 0.5 0.03333333333)
(0.5 0.5 0.03333333333)
(0.6 0.5 0.03333333333)
(0.7 0.5 0.03333333333)
(0.8 0.5 0.03333333333)
(0.9 0.5 0.03333333333)
(1 0.5 0.03333333333)
(1.1 0.5 0.03333333333)
(1.2 0.5 0.03333333333)
(1.3 0.5 0.03333333333)
(1.4 0.5 0.03333333333)
(1.5 0.5 0.03333333333)
(1.6 0.5 0.03333333333)
(1.7 0.5 0.03333333333)
(1.8 0.5 0.03333333333)
(1.9 0.5 0.03333333333)
(2 0.5 0.03333333333)
(2.1 0.5 0.03333333333)
(2.2 0.5 0.03333333333)
(2.3 0.5 0.03333333333)
(2.4 0.5 0.03333333333)
(2.5 0.5 0.03333333333)
(2.6 0.5 0.03333333333)
(2.7 0.5 0.03333333333)
(2.8 0.5 0.03333333333)
(2.9 0.5 0.03333333333)
(3 0.5 0.03333333333)
(3.1 0.5 0.03333333333)
(3.2 0.5 0.03333333333)
(3.3 0.5 0.03333333333)
(3.4 0.5 0.03333333333)
(3.5 0.5 0.03333333333)
(3.6 0.5 0.03333333333)
(3.7 0.5 0.03333333333)
(3.8 0.5 0.03333333333)
(3.9 0.5 0.03333333333)
(4 0.5 0.03333333333)
(0 0.6 0.03333333333)
(0.1 0.6 0.03333333333)
(0.2 0.6 0.03333333333)
(0.3 0.6 0.03333333333)
(0.4 0.6 0.03333333333)
(0.5 0.6 0.03333333333)
(0.6 0.6 0.03333333333)
(0.7 0.6 0.03333333333)
(0.8 0.6 0.03333333333)
(0.9 0.6 0.03333333333)
(1 0.6 0.03333333333)
(1.1 0.6 0.03333333333)
(1.2 0.6 0.03333333333)
(1.3 0.6 0.03333333333)
(1.4 0.6 0.03333333333)
(1.5 0.6 0.03333333333)
(1.6 0.6 0.03333333333)
(1.7 0.6 0.03333333333)
(1.8 0.6 0.03333333333)
(1.9 0.6 0.03333333333)
(2 0.6 0.03333333333)
(2.1 0.6 0.03333333333)
(2.2 0.6 0.03333333333)
(2.3 0.6 0.03333333333)
(2.4 0.6 0.03333333333)
(2.5 0.6 0.03333333333)
(2.6 0.6 0.03333333333)
(2.7 0.6 0.03333333333)
(2.8 0.6 0.03333333333)
(2.9 0.6 0.03333333333)
(3 0.6 0.03333333333)
(3.1 0.6 0.03333333333)
(3.2 0.6 0.03333333333)
(3.3 0.6 0.03333333333)
(3.4 0.6 0.03333333333)
(3.5 0.6 0.03333333333)
(3.6 0.6 0.03333333333)
(3.7 0.6 0.03333333333)
(3.8 0.6 0.03333333333)
(3.9 0.6 0.03333333333)
(4 0.6 0.03333333333)
(0 0.7 0.03333333333)
(0.1 0.7 0.03333333333)
(0.2 0.7 0.03333333333)
(0.3 0.7 0.03333333333)
(0.4 0.7 0.03333333333)
(0.5 0.7 0.03333333333)
(0.6 0.7 0.03333333333)
(0.7 0.7 0.03333333333)
(0.8 0.7 0.03333333333)
(0.9 0.7 0.03333333333)
(1 0.7 0.03333333333)
(1.1 0.7 0.03333333333)
(1.2 0.7 0.03333333333)
(1.3 0.7 0.03333333333)
(1.4 0.7 0.03333333333)
(1.5 0.7 0.03333333333)
(1.6 0.7 0.03333333333)
(1.7 0.7 0.03333333333)
(1.8 0.7 0.03333333333)
(1.9 0.7 0.03333333333)
(2 0.7 0.03333333333)
(2.1 0.7 0.03333333333)
(2.2 0.7 0.03333333333)
(2.3 0.7 0.03333333333)
(2.4 0.7 0.03333333333)
(2.5 0.7 0.03333333333)
(2.6 0.7 0.03333333333)
(2.7 0.7 0.03333333333)
(2.8 0.7 0.03333333333)
(2.9 0.7 0.03333333333)
(3 0.7 0.03333333333)
(3.1 0.7 0.03333333333)
(3.2 0.7 0.03333333333)
(3.3 0.7 0.03333333333)
(3.4 0.7 0.03333333333)
(3.5 0.7 0.03333333333)
(3.6 0.7 0.03333333333)
(3.7 0.7 0.03333333333)
(3.8 0.7 0.03333333333)
(3.9 0.7 0.03333333333)
(4 0.7 0.03333333333)
(0 0.8 0.03333333333)
(0.1 0.8 0.03333333333)
(0.2 0.8 0.03333333333)
(0.3 0.8 0.03333333333)
(0.4 0.8 0.03333333333)
(0.5 0.8 0.03333333333)
(0.6 0.8 0.03333333333)
(0.7 0.8 0.03333333333)
(0.8 0.8 0.03333333333)
(0.9 0.8 0.03333333333)
(1 0.8 0.03333333333)
(1.1 0.8 0.03333333333)
(1.2 0.8 0.03333333333)
(1.3 0.8 0.03333333333)
(1.4 0.8 0.03333333333)
(1.5 0.8 0.03333333333)
(1.6 0.8 0.03333333333)
(1.7 0.8 0.03333333333)
(1.8 0.8 0.03333333333)
(1.9 0.8 0.03333333333)
(2 0.8 0.03333333333)
(2.1 0.8 0.03333333333)
(2.2 0.8 0.03333333333)
(2.3 0.8 0.03333333333)
(2.4 0.8 0.03333333333)
(2.5 0.8 0.03333333333)
(2.6 0.8 0.03333333333)
(2.7 0.8 0.03333333333)
(2.8 0.8 0.03333333333)
(2.9 0.8 0.03333333333)
(3 0.8 0.03333333333)
(3.1 0.8 0.03333333333)
(3.2 0.8 0.03333333333)
(3.3 0.8 0.03333333333)
(3.4 0.8 0.03333333333)
(3.5 0.8 0.03333333333)
(3.6 0.8 0.03333333333)
(3.7 0.8 0.03333333333)
(3.8 0.8 0.03333333333)
(3.9 0.8 0.03333333333)
(4 0.8 0.03333333333)
(0 0.9 0.03333333333)
(0.1 0.9 0.03333333333)
(0.2 0.9 0.03333333333)
(0.3 0.9 0.03333333333)
(0.4 0.9 0.03333333333)
(0.5 0.9 0.03333333333)
(0.6 0.9 0.03333333333)
(0.7 0.9 0.03333333333)
(0.8 0.9 0.03333333333)
(0.9 0.9 0.03333333333)
(1 0.9 0.03333333333)
(1.1 0.9 0.03333333333)
(1.2 0.9 0.03333333333)
(1.3 0.9 0.03333333333)
(1.4 0.9 0.03333333333)
(1.5 0.9 0.03333333333)
(1.6 0.9 0.03333333333)
(1.7 0.9 0.03333333333)
(1.8 0.9 0.03333333333)
(1.9 0.9 0.03333333333)
(2 0.9 0.03333333333)
(2.1 0.9 0.03333333333)
(2.2 0.9 0.03333333333)
(2.3 0.9 0.03333333333)
(2.4 0.9 0.03333333333)
(2.5 0.9 0.03333333333)
(2.6 0.9 0.03333333333)
(2.7 0.9 0.03333333333)
(2.8 0.9 0.03333333333)
(2.9 0.9 0.03333333333)
(3 0.9 0.03333333333)
(3.1 0.9 0.03333333333)
(3.2 0.9 0.03333333333)
(3.3 0.9 0.03333333333)
(3.4 0.9 0.03333333333)
(3.5 0.9 0.03333333333)
(3.6 0.9 0.03333333333)
(3.7 0.9 0.03333333333)
(3.8 0.9 0.03333333333)
(3.9 0.9 0.03333333333)
(4 0.9 0.03333333333)
(0 1 0.03333333333)
(0.1 1 0.03333333333)
(0.2 1 0.03333333333)
(0.3 1 0.03333333333)
(0.4 1 0.03333333333)
(0.5 1 0.03333333333)
(0.6 1 0.03333333333)
(0.7 1 0.03333333333)
(0.8 1 0.03333333333)
(0.9 1 0.03333333333)
(1 1 0.03333333333)
(1.1 1 0.03333333333)
(1.2 1 0.03333333333)
(1.3 1 0.03333333333)
(1.4 1 0.03333333333)
(1.5 1 0.03333333333)
(1.6 1 0.03333333333)
(1.7 1 0.03333333333)
(1.8 1 0.03333333333)
(1.9 1 0.03333333333)
(2 1 0.03333333333)
(2.1 1 0.03333333333)
(2.2 1 0.03333333333)
(2.3 1 0.03333333333)
(2.4 1 0.03333333333)
(2.5 1 0.03333333333)
(2.6 1 0.03333333333)
(2.7 1 0.03333333333)
(2.8 1 0.03333333333)
(2.9 1 0.03333333333)
(3 1 0.03333333333)
(3.1 1 0.03333333333)
(3.2 1 0.03333333333)
(3.3 1 0.03333333333)
(3.4 1 0.03333333333)
(3.5 1 0.03333333333)
(3.6 1 0.03333333333)
(3.7 1 0.03333333333)
(3.8 1 0.03333333333)
(3.9 1 0.03333333333)
(4 1 0.03333333333)
(0 0 0.05)
(0.1 0 0.05)
(0.2 0 0.05)
(0.3 0 0.05)
(0.4 0 0.05)
(0.5 0 0.05)
(0.6 0 0.05)
(0.7 0 0.05)
(0.8 0 0.05)
(0.9 0 0.05)
(1 0 0.05)
(1.1 0 0.05)
(1.2 0 0.05)
(1.3 0 0.05)
(1.4 0 0.05)
(1.5 0 0.05)
(1.6 0 0.05)
(1.7 0 0.05)
(1.8 0 0.05)
(1.9 0 0.05)
(2 0 0.05)
(2.1 0 0.05)
(2.2 0 0.05)
(2.3 0 0.05)
(2.4 0 0.05)
(2.5 0 0.05)
(2.6 0 0.05)
(2.7 0 0.05)
(2.8 0 0.05)
(2.9 0 0.05)
(3 0 0.05)
(3.1 0 0.05)
(3.2 0 0.05)
(3.3 0 0.05)
(3.4 0 0.05)
(3.5 0 0.05)
(3.6 0 0.05)
(3.7 0 0.05)
(3.8 0 0.05)
(3.9 0 0.05)
(4 0 0.05)
(0 0.1 0.05)
(0.1 0.1 0.05)
(0.2 0.1 0.05)
(0.3 0.1 0.05)
(0.4 0.1 0.05)
(0.5 0.1 0.05)
(0.6 0.1 0.05)
(0.7 0.1 0.05)
(0.8 0.1 0.05)
(0.9 0.1 0.05)
(1 0.1 0.05)
(1.1 0.1 0.05)
(1.2 0.1 0.05)
(1.3 0.1 0.05)
(1.4 0.1 0.05)
(1.5 0.1 0.05)
(1.6 0.1 0.05)
(1.7 0.1 0.05)
(1.8 0.1 0.05)
(1.9 0.1 0.05)
(2 0.1 0.05)
(2.1 0.1 0.05)
(2.2 0.1 0.05)
(2.3 0.1 0.05)
(2.4 0.1 0.05)
(2.5 0.1 0.05)
(2.6 0.1 0.05)
(2.7 0.1 0.05)
(2.8 0.1 0.05)
(2.9 0.1 0.05)
(3 0.1 0.05)
(3.1 0.1 0.05)
(3.2 0.1 0.05)
(3.3 0.1 0.05)
(3.4 0.1 0.05)
(3.5 0.1 0.05)
(3.6 0.1 0.05)
(3.7 0.1 0.05)
(3.8 0.1 0.05)
(3.9 0.1 0.05)
(4 0.1 0.05)
(0 0.2 0.05)
(0.1 0.2 0.05)
(0.2 0.2 0.05)
(0.3 0.2 0.05)
(0.4 0.2 0.05)
(0.5 0.2 0.05)
(0.6 0.2 0.05)
(0.7 0.2 0.05)
(0.8 0.2 0.05)
(0.9 0.2 0.05)
(1 0.2 0.05)
(1.1 0.2 0.05)
(1.2 0.2 0.05)
(1.3 0.2 0.05)
(1.4 0.2 0.05)
(1.5 0.2 0.05)
(1.6 0.2 0.05)
(1.7 0.2 0.05)
(1.8 0.2 0.05)
(1.9 0.2 0.05)
(2 0.2 0.05)
(2.1 0.2 0.05)
(2.2 0.2 0.05)
(2.3 0.2 0.05)
(2.4 0.2 0.05)
(2.5 0.2 0.05)
(2.6 0.2 0.05)
(2.7 0.2 0.05)
(2.8 0.2 0.05)
(2.9 0.2 0.05)
(3 0.2 0.05)
(3.1 0.2 0.05)
(3.2 0.2 0.05)
(3.3 0.2 0.05)
(3.4 0.2 0.05)
(3.5 0.2 0.05)
(3.6 0.2 0.05)
(3.7 0.2 0.05)
(3.8 0.2 0.05)
(3.9 0.2 0.05)
(4 0.2 0.05)
(0 0.3 0.05)
(0.1 0.3 0.05)
(0.2 0.3 0.05)
(0.3 0.3 0.05)
(0.4 0.3 0.05)
(0.5 0.3 0.05)
(0.6 0.3 0.05)
(0.7 0.3 0.05)
(0.8 0.3 0.05)
(0.9 0.3 0.05)
(1 0.3 0.05)
(1.1 0.3 0.05)
(1.2 0.3 0.05)
(1.3 0.3 0.05)
(1.4 0.3 0.05)
(1.5 0.3 0.05)
(1.6 0.3 0.05)
(1.7 0.3 0.05)
(1.8 0.3 0.05)
(1.9 0.3 0.05)
(2 0.3 0.05)
(2.1 0.3 0.05)
(2.2 0.3 0.05)
(2.3 0.3 0.05)
(2.4 0.3 0.05)
(2.5 0.3 0.05)
(2.6 0.3 0.05)
(2.7 0.3 0.05)
(2.8 0.3 0.05)
(2.9 0.3 0.05)
(3 0.3 0.05)
(3.1 0.3 0.05)
(3.2 0.3 0.05)
(3.3 0.3 0.05)
(3.4 0.3 0.05)
(3.5 0.3 0.05)
(3.6 0.3 0.05)
(3.7 0.3 0.05)
(3.8 0.3 0.05)
(3.9 0.3 0.05)
(4 0.3 0.05)
(0 0.4 0.05)
(0.1 0.4 0.05)
(0.2 0.4 0.05)
(0.3 0.4 0.05)
(0.4 0.4 0.05)
(0.5 0.4 0.05)
(0.6 0.4 0.05)
(0.7 0.4 0.05)
(0.8 0.4 0.05)
(0.9 0.4 0.05)
(1 0.4 0.05)
(1.1 0.4 0.05)
(1.2 0.4 0.05)
(1.3 0.4 0.05)
(1.4 0.4 0.05)
(1.5 0.4 0.05)
(1.6 0.4 0.05)
(1.7 0.4 0.05)
(1.8 0.4 0.05)
(1.9 0.4 0.05)
(2 0.4 0.05)
(2.1 0.4 0.05)
(2.2 0.4 0.05)
(2.3 0.4 0.05)
(2.4 0.4 0.05)
(2.5 0.4 0.05)
(2.6 0.4 0.05)
(2.7 0.4 0.05)
(2.8 0.4 0.05)
(2.9 0.4 0.05)
(3 0.4 0.05)
(3.1 0.4 0.05)
(3.2 0.4 0.05)
(3.3 0.4 0.05)
(3.4 0.4 0.05)
(3.5 0.4 0.05)
(3.6 0.4 0.05)
(3.7 0.4 0.05)
(3.8 0.4 0.05)
(3.9 0.4 0.05)
(4 0.4 0.05)
(0 0.5 0.05)
(0.1 0.5 0.05)
(0.2 0.5 0.05)
(0.3 0.5 0.05)
(0.4 0.5 0.05)
(0.5 0.5 0.05)
(0.6 0.5 0.05)
(0.7 0.5 0.05)
(0.8 0.5 0.05)
(0.9 0.5 0.05)
(1 0.5 0.05)
(1.1 0.5 0.05)
(1.2 0.5 0.05)
(1.3 0.5 0.05)
(1.4 0.5 0.05)
(1.5 0.5 0.05)
(1.6 0.5 0.05)
(1.7 0.5 0.05)
(1.8 0.5 0.05)
(1.9 0.5 0.05)
(2 0.5 0.05)
(2.1 0.5 0.05)
(2.2 0.5 0.05)
(2.3 0.5 0.05)
(2.4 0.5 0.05)
(2.5 0.5 0.05)
(2.6 0.5 0.05)
(2.7 0.5 0.05)
(2.8 0.5 0.05)
(2.9 0.5 0.05)
(3 0.5 0.05)
(3.1 0.5 0.05)
(3.2 0.5 0.05)
(3.3 0.5 0.05)
(3.4 0.5 0.05)
(3.5 0.5 0.05)
(3.6 0.5 0.05)
(3.7 0.5 0.05)
(3.8 0.5 0.05)
(3.9 0.5 0.05)
(4 0.5 0.05)
(0 0.6 0.05)
(0.1 0.6 0.05)
(0.2 0.6 0.05)
(0.3 0.6 0.05)
(0.4 0.6 0.05)
(0.5 0.6 0.05)
(0.6 0.6 0.05)
(0.7 0.6 0.05)
(0.8 0.6 0.05)
(0.9 0.6 0.05)
(1 0.6 0.05)
(1.1 0.6 0.05)
(1.2 0.6 0.05)
(1.3 0.6 0.05)
(1.4 0.6 0.05)
(1.5 0.6 0.05)
(1.6 0.6 0.05)
(1.7 0.6 0.05)
(1.8 0.6 0.05)
(1.9 0.6 0.05)
(2 0.6 0.05)
(2.1 0.6 0.05)
(2.2 0.6 0.05)
(2.3 0.6 0.05)
(2.4 0.6 0.05)
(2.5 0.6 0.05)
(2.6 0.6 0.05)
(2.7 0.6 0.05)
(2.8 0.6 0.05)
(2.9 0.6 0.05)
(3 0.6 0.05)
(3.1 0.6 0.05)
(3.2 0.6 0.05)
(3.3 0.6 0.05)
(3.4 0.6 0.05)
(3.5 0.6 0.05)
(3.6 0.6 0.05)
(3.7 0.6 0.05)
(3.8 0.6 0.05)
(3.9 0.6 0.05)
(4 0.6 0.05)
(0 0.7 0.05)
(0.1 0.7 0.05)
(0.2 0.7 0.05)
(0.3 0.7 0.05)
(0.4 0.7 0.05)
(0.5 0.7 0.05)
(0.6 0.7 0.05)
(0.7 0.7 0.05)
(0.8 0.7 0.05)
(0.9 0.7 0.05)
(1 0.7 0.05)
(1.1 0.7 0.05)
(1.2 0.7 0.05)
(1.3 0.7 0.05)
(1.4 0.7 0.05)
(1.5 0.7 0.05)
(1.6 0.7 0.05)
(1.7 0.7 0.05)
(1.8 0.7 0.05)
(1.9 0.7 0.05)
(2 0.7 0.05)
(2.1 0.7 0.05)
(2.2 0.7 0.05)
(2.3 0.7 0.05)
(2.4 0.7 0.05)
(2.5 0.7 0.05)
(2.6 0.7 0.05)
(2.7 0.7 0.05)
(2.8 0.7 0.05)
(2.9 0.7 0.05)
(3 0.7 0.05)
(3.1 0.7 0.05)
(3.2 0.7 0.05)
(3.3 0.7 0.05)
(3.4 0.7 0.05)
(3.5 0.7 0.05)
(3.6 0.7 0.05)
(3.7 0.7 0.05)
(3.8 0.7 0.05)
(3.9 0.7 0.05)
(4 0.7 0.05)
(0 0.8 0.05)
(0.1 0.8 0.05)
(0.2 0.8 0.05)
(0.3 0.8 0.05)
(0.4 0.8 0.05)
(0.5 0.8 0.05)
(0.6 0.8 0.05)
(0.7 0.8 0.05)
(0.8 0.8 0.05)
(0.9 0.8 0.05)
(1 0.8 0.05)
(1.1 0.8 0.05)
(1.2 0.8 0.05)
(1.3 0.8 0.05)
(1.4 0.8 0.05)
(1.5 0.8 0.05)
(1.6 0.8 0.05)
(1.7 0.8 0.05)
(1.8 0.8 0.05)
(1.9 0.8 0.05)
(2 0.8 0.05)
(2.1 0.8 0.05)
(2.2 0.8 0.05)
(2.3 0.8 0.05)
(2.4 0.8 0.05)
(2.5 0.8 0.05)
(2.6 0.8 0.05)
(2.7 0.8 0.05)
(2.8 0.8 0.05)
(2.9 0.8 0.05)
(3 0.8 0.05)
(3.1 0.8 0.05)
(3.2 0.8 0.05)
(3.3 0.8 0.05)
(3.4 0.8 0.05)
(3.5 0.8 0.05)
(3.6 0.8 0.05)
(3.7 0.8 0.05)
(3.8 0.8 0.05)
(3.9 0.8 0.05)
(4 0.8 0.05)
(0 0.9 0.05)
(0.1 0.9 0.05)
(0.2 0.9 0.05)
(0.3 0.9 0.05)
(0.4 0.9 0.05)
(0.5 0.9 0.05)
(0.6 0.9 0.05)
(0.7 0.9 0.05)
(0.8 0.9 0.05)
(0.9 0.9 0.05)
(1 0.9 0.05)
(1.1 0.9 0.05)
(1.2 0.9 0.05)
(1.3 0.9 0.05)
(1.4 0.9 0.05)
(1.5 0.9 0.05)
(1.6 0.9 0.05)
(1.7 0.9 0.05)
(1.8 0.9 0.05)
(1.9 0.9 0.05)
(2 0.9 0.05)
(2.1 0.9 0.05)
(2.2 0.9 0.05)
(2.3 0.9 0.05)
(2.4 0.9 0.05)
(2.5 0.9 0.05)
(2.6 0.9 0.05)
(2.7 0.9 0.05)
(2.8 0.9 0.05)
(2.9 0.9 0.05)
(3 0.9 0.05)
(3.1 0.9 0.05)
(3.2 0.9 0.05)
(3.3 0.9 0.05)
(3.4 0.9 0.05)
(3.5 0.9 0.05)
(3.6 0.9 0.05)
(3.7 0.9 0.05)
(3.8 0.9 0.05)
(3.9 0.9 0.05)
(4 0.9 0.05)
(0 1 0.05)
(0.1 1 0.05)
(0.2 1 0.05)
(0.3 1 0.05)
(0.4 1 0.05)
(0.5 1 0.05)
(0.6 1 0.05)
(0.7 1 0.05)
(0.8 1 0.05)
(0.9 1 0.05)
(1 1 0.05)
(1.1 1 0.05)
(1.2 1 0.05)
(1.3 1 0.05)
(1.4 1 0.05)
(1.5 1 0.05)
(1.6 1 0.05)
(1.7 1 0.05)
(1.8 1 0.05)
(1.9 1 0.05)
(2 1 0.05)
(2.1 1 0.05)
(2.2 1 0.05)
(2.3 1 0.05)
(2.4 1 0.05)
(2.5 1 0.05)
(2.6 1 0.05)
(2.7 1 0.05)
(2.8 1 0.05)
(2.9 1 0.05)
(3 1 0.05)
(3.1 1 0.05)
(3.2 1 0.05)
(3.3 1 0.05)
(3.4 1 0.05)
(3.5 1 0.05)
(3.6 1 0.05)
(3.7 1 0.05)
(3.8 1 0.05)
(3.9 1 0.05)
(4 1 0.05)
(0 0 0.06666666667)
(0.1 0 0.06666666667)
(0.2 0 0.06666666667)
(0.3 0 0.06666666667)
(0.4 0 0.06666666667)
(0.5 0 0.06666666667)
(0.6 0 0.06666666667)
(0.7 0 0.06666666667)
(0.8 0 0.06666666667)
(0.9 0 0.06666666667)
(1 0 0.06666666667)
(1.1 0 0.06666666667)
(1.2 0 0.06666666667)
(1.3 0 0.06666666667)
(1.4 0 0.06666666667)
(1.5 0 0.06666666667)
(1.6 0 0.06666666667)
(1.7 0 0.06666666667)
(1.8 0 0.06666666667)
(1.9 0 0.06666666667)
(2 0 0.06666666667)
(2.1 0 0.06666666667)
(2.2 0 0.06666666667)
(2.3 0 0.06666666667)
(2.4 0 0.06666666667)
(2.5 0 0.06666666667)
(2.6 0 0.06666666667)
(2.7 0 0.06666666667)
(2.8 0 0.06666666667)
(2.9 0 0.06666666667)
(3 0 0.06666666667)
(3.1 0 0.06666666667)
(3.2 0 0.06666666667)
(3.3 0 0.06666666667)
(3.4 0 0.06666666667)
(3.5 0 0.06666666667)
(3.6 0 0.06666666667)
(3.7 0 0.06666666667)
(3.8 0 0.06666666667)
(3.9 0 0.06666666667)
(4 0 0.06666666667)
(0 0.1 0.06666666667)
(0.1 0.1 0.06666666667)
(0.2 0.1 0.06666666667)
(0.3 0.1 0.06666666667)
(0.4 0.1 0.06666666667)
(0.5 0.1 0.06666666667)
(0.6 0.1 0.06666666667)
(0.7 0.1 0.06666666667)
(0.8 0.1 0.06666666667)
(0.9 0.1 0.06666666667)
(1 0.1 0.06666666667)
(1.1 0.1 0.06666666667)
(1.2 0.1 0.06666666667)
(1.3 0.1 0.06666666667)
(1.4 0.1 0.06666666667)
(1.5 0.1 0.06666666667)
(1.6 0.1 0.06666666667)
(1.7 0.1 0.06666666667)
(1.8 0.1 0.06666666667)
(1.9 0.1 0.06666666667)
(2 0.1 0.06666666667)
(2.1 0.1 0.06666666667)
(2.2 0.1 0.06666666667)
(2.3 0.1 0.06666666667)
(2.4 0.1 0.06666666667)
(2.5 0.1 0.06666666667)
(2.6 0.1 0.06666666667)
(2.7 0.1 0.06666666667)
(2.8 0.1 0.06666666667)
(2.9 0.1 0.06666666667)
(3 0.1 0.06666666667)
(3.1 0.1 0.06666666667)
(3.2 0.1 0.06666666667)
(3.3 0.1 0.06666666667)
(3.4 0.1 0.06666666667)
(3.5 0.1 0.06666666667)
(3.6 0.1 0.06666666667)
(3.7 0.1 0.06666666667)
(3.8 0.1 0.06666666667)
(3.9 0.1 0.06666666667)
(4 0.1 0.06666666667)
(0 0.2 0.06666666667)
(0.1 0.2 0.06666666667)
(0.2 0.2 0.06666666667)
(0.3 0.2 0.06666666667)
(0.4 0.2 0.06666666667)
(0.5 0.2 0.06666666667)
(0.6 0.2 0.06666666667)
(0.7 0.2 0.06666666667)
(0.8 0.2 0.06666666667)
(0.9 0.2 0.06666666667)
(1 0.2 0.06666666667)
(1.1 0.2 0.06666666667)
(1.2 0.2 0.06666666667)
(1.3 0.2 0.06666666667)
(1.4 0.2 0.06666666667)
(1.5 0.2 0.06666666667)
(1.6 0.2 0.06666666667)
(1.7 0.2 0.06666666667)
(1.8 0.2 0.06666666667)
(1.9 0.2 0.06666666667)
(2 0.2 0.06666666667)
(2.1 0.2 0.06666666667)
(2.2 0.2 0.06666666667)
(2.3 0.2 0.06666666667)
(2.4 0.2 0.06666666667)
(2.5 0.2 0.06666666667)
(2.6 0.2 0.06666666667)
(2.7 0.2 0.06666666667)
(2.8 0.2 0.06666666667)
(2.9 0.2 0.06666666667)
(3 0.2 0.06666666667)
(3.1 0.2 0.06666666667)
(3.2 0.2 0.06666666667)
(3.3 0.2 0.06666666667)
(3.4 0.2 0.06666666667)
(3.5 0.2 0.06666666667)
(3.6 0.2 0.06666666667)
(3.7 0.2 0.06666666667)
(3.8 0.2 0.06666666667)
(3.9 0.2 0.06666666667)
(4 0.2 0.06666666667)
(0 0.3 0.06666666667)
(0.1 0.3 0.06666666667)
(0.2 0.3 0.06666666667)
(0.3 0.3 0.06666666667)
(0.4 0.3 0.06666666667)
(0.5 0.3 0.06666666667)
(0.6 0.3 0.06666666667)
(0.7 0.3 0.06666666667)
(0.8 0.3 0.06666666667)
(0.9 0.3 0.06666666667)
(1 0.3 0.06666666667)
(1.1 0.3 0.06666666667)
(1.2 0.3 0.06666666667)
(1.3 0.3 0.06666666667)
(1.4 0.3 0.06666666667)
(1.5 0.3 0.06666666667)
(1.6 0.3 0.06666666667)
(1.7 0.3 0.06666666667)
(1.8 0.3 0.06666666667)
(1.9 0.3 0.06666666667)
(2 0.3 0.06666666667)
(2.1 0.3 0.06666666667)
(2.2 0.3 0.06666666667)
(2.3 0.3 0.06666666667)
(2.4 0.3 0.06666666667)
(2.5 0.3 0.06666666667)
(2.6 0.3 0.06666666667)
(2.7 0.3 0.06666666667)
(2.8 0.3 0.06666666667)
(2.9 0.3 0.06666666667)
(3 0.3 0.06666666667)
(3.1 0.3 0.06666666667)
(3.2 0.3 0.06666666667)
(3.3 0.3 0.06666666667)
(3.4 0.3 0.06666666667)
(3.5 0.3 0.06666666667)
(3.6 0.3 0.06666666667)
(3.7 0.3 0.06666666667)
(3.8 0.3 0.06666666667)
(3.9 0.3 0.06666666667)
(4 0.3 0.06666666667)
(0 0.4 0.06666666667)
(0.1 0.4 0.06666666667)
(0.2 0.4 0.06666666667)
(0.3 0.4 0.06666666667)
(0.4 0.4 0.06666666667)
(0.5 0.4 0.06666666667)
(0.6 0.4 0.06666666667)
(0.7 0.4 0.06666666667)
(0.8 0.4 0.06666666667)
(0.9 0.4 0.06666666667)
(1 0.4 0.06666666667)
(1.1 0.4 0.06666666667)
(1.2 0.4 0.06666666667)
(1.3 0.4 0.06666666667)
(1.4 0.4 0.06666666667)
(1.5 0.4 0.06666666667)
(1.6 0.4 0.06666666667)
(1.7 0.4 0.06666666667)
(1.8 0.4 0.06666666667)
(1.9 0.4 0.06666666667)
(2 0.4 0.06666666667)
(2.1 0.4 0.06666666667)
(2.2 0.4 0.06666666667)
(2.3 0.4 0.06666666667)
(2.4 0.4 0.06666666667)
(2.5 0.4 0.06666666667)
(2.6 0.4 0.06666666667)
(2.7 0.4 0.06666666667)
(2.8 0.4 0.06666666667)
(2.9 0.4 0.06666666667)
(3 0.4 0.06666666667)
(3.1 0.4 0.06666666667)
(3.2 0.4 0.06666666667)
(3.3 0.4 0.06666666667)
(3.4 0.4 0.06666666667)
(3.5 0.4 0.06666666667)
(3.6 0.4 0.06666666667)
(3.7 0.4 0.06666666667)
(3.8 0.4 0.06666666667)
(3.9 0.4 0.06666666667)
(4 0.4 0.06666666667)
(0 0.5 0.06666666667)
(0.1 0.5 0.06666666667)
(0.2 0.5 0.06666666667)
(0.3 0.5 0.06666666667)
(0.4 0.5 0.06666666667)
(0.5 0.5 0.06666666667)
(0.6 0.5 0.06666666667)
(0.7 0.5 0.06666666667)
(0.8 0.5 0.06666666667)
(0.9 0.5 0.06666666667)
(1 0.5 0.06666666667)
(1.1 0.5 0.06666666667)
(1.2 0.5 0.06666666667)
(1.3 0.5 0.06666666667)
(1.4 0.5 0.06666666667)
(1.5 0.5 0.06666666667)
(1.6 0.5 0.06666666667)
(1.7 0.5 0.06666666667)
(1.8 0.5 0.06666666667)
(1.9 0.5 0.06666666667)
(2 0.5 0.06666666667)
(2.1 0.5 0.06666666667)
(2.2 0.5 0.06666666667)
(2.3 0.5 0.06666666667)
(2.4 0.5 0.06666666667)
(2.5 0.5 0.06666666667)
(2.6 0.5 0.06666666667)
(2.7 0.5 0.06666666667)
(2.8 0.5 0.06666666667)
(2.9 0.5 0.06666666667)
(3 0.5 0.06666666667)
(3.1 0.5 0.06666666667)
(3.2 0.5 0.06666666667)
(3.3 0.5 0.06666666667)
(3.4 0.5 0.06666666667)
(3.5 0.5 0.06666666667)
(3.6 0.5 0.06666666667)
(3.7 0.5 0.06666666667)
(3.8 0.5 0.06666666667)
(3.9 0.5 0.06666666667)
(4 0.5 0.06666666667)
(0 0.6 0.06666666667)
(0.1 0.6 0.06666666667)
(0.2 0.6 0.06666666667)
(0.3 0.6 0.06666666667)
(0.4 0.6 0.06666666667)
(0.5 0.6 0.06666666667)
(0.6 0.6 0.06666666667)
(0.7 0.6 0.06666666667)
(0.8 0.6 0.06666666667)
(0.9 0.6 0.06666666667)
(1 0.6 0.06666666667)
(1.1 0.6 0.06666666667)
(1.2 0.6 0.06666666667)
(1.3 0.6 0.06666666667)
(1.4 0.6 0.06666666667)
(1.5 0.6 0.06666666667)
(1.6 0.6 0.06666666667)
(1.7 0.6 0.06666666667)
(1.8 0.6 0.06666666667)
(1.9 0.6 0.06666666667)
(2 0.6 0.06666666667)
(2.1 0.6 0.06666666667)
(2.2 0.6 0.06666666667)
(2.3 0.6 0.06666666667)
(2.4 0.6 0.06666666667)
(2.5 0.6 0.06666666667)
(2.6 0.6 0.06666666667)
(2.7 0.6 0.06666666667)
(2.8 0.6 0.06666666667)
(2.9 0.6 0.06666666667)
(3 0.6 0.06666666667)
(3.1 0.6 0.06666666667)
(3.2 0.6 0.06666666667)
(3.3 0.6 0.06666666667)
(3.4 0.6 0.06666666667)
(3.5 0.6 0.06666666667)
(3.6 0.6 0.06666666667)
(3.7 0.6 0.06666666667)
(3.8 0.6 0.06666666667)
(3.9 0.6 0.06666666667)
(4 0.6 0.06666666667)
(0 0.7 0.06666666667)
(0.1 0.7 0.06666666667)
(0.2 0.7 0.06666666667)
(0.3 0.7 0.06666666667)
(0.4 0.7 0.06666666667)
(0.5 0.7 0.06666666667)
(0.6 0.7 0.06666666667)
(0.7 0.7 0.06666666667)
(0.8 0.7 0.06666666667)
(0.9 0.7 0.06666666667)
(1 0.7 0.06666666667)
(1.1 0.7 0.06666666667)
(1.2 0.7 0.06666666667)
(1.3 0.7 0.06666666667)
(1.4 0.7 0.06666666667)
(1.5 0.7 0.06666666667)
(1.6 0.7 0.06666666667)
(1.7 0.7 0.06666666667)
(1.8 0.7 0.06666666667)
(1.9 0.7 0.06666666667)
(2 0.7 0.06666666667)
(2.1 0.7 0.06666666667)
(2.2 0.7 0.06666666667)
(2.3 0.7 0.06666666667)
(2.4 0.7 0.06666666667)
(2.5 0.7 0.06666666667)
(2.6 0.7 0.06666666667)
(2.7 0.7 0.06666666667)
(2.8 0.7 0.06666666667)
(2.9 0.7 0.06666666667)
(3 0.7 0.06666666667)
(3.1 0.7 0.06666666667)
(3.2 0.7 0.06666666667)
(3.3 0.7 0.06666666667)
(3.4 0.7 0.06666666667)
(3.5 0.7 0.06666666667)
(3.6 0.7 0.06666666667)
(3.7 0.7 0.06666666667)
(3.8 0.7 0.06666666667)
(3.9 0.7 0.06666666667)
(4 0.7 0.06666666667)
(0 0.8 0.06666666667)
(0.1 0.8 0.06666666667)
(0.2 0.8 0.06666666667)
(0.3 0.8 0.06666666667)
(0.4 0.8 0.06666666667)
(0.5 0.8 0.06666666667)
(0.6 0.8 0.06666666667)
(0.7 0.8 0.06666666667)
(0.8 0.8 0.06666666667)
(0.9 0.8 0.06666666667)
(1 0.8 0.06666666667)
(1.1 0.8 0.06666666667)
(1.2 0.8 0.06666666667)
(1.3 0.8 0.06666666667)
(1.4 0.8 0.06666666667)
(1.5 0.8 0.06666666667)
(1.6 0.8 0.06666666667)
(1.7 0.8 0.06666666667)
(1.8 0.8 0.06666666667)
(1.9 0.8 0.06666666667)
(2 0.8 0.06666666667)
(2.1 0.8 0.06666666667)
(2.2 0.8 0.06666666667)
(2.3 0.8 0.06666666667)
(2.4 0.8 0.06666666667)
(2.5 0.8 0.06666666667)
(2.6 0.8 0.06666666667)
(2.7 0.8 0.06666666667)
(2.8 0.8 0.06666666667)
(2.9 0.8 0.06666666667)
(3 0.8 0.06666666667)
(3.1 0.8 0.06666666667)
(3.2 0.8 0.06666666667)
(3.3 0.8 0.06666666667)
(3.4 0.8 0.06666666667)
(3.5 0.8 0.06666666667)
(3.6 0.8 0.06666666667)
(3.7 0.8 0.06666666667)
(3.8 0.8 0.06666666667)
(3.9 0.8 0.06666666667)
(4 0.8 0.06666666667)
(0 0.9 0.06666666667)
(0.1 0.9 0.06666666667)
(0.2 0.9 0.06666666667)
(0.3 0.9 0.06666666667)
(0.4 0.9 0.06666666667)
(0.5 0.9 0.06666666667)
(0.6 0.9 0.06666666667)
(0.7 0.9 0.06666666667)
(0.8 0.9 0.06666666667)
(0.9 0.9 0.06666666667)
(1 0.9 0.06666666667)
(1.1 0.9 0.06666666667)
(1.2 0.9 0.06666666667)
(1.3 0.9 0.06666666667)
(1.4 0.9 0.06666666667)
(1.5 0.9 0.06666666667)
(1.6 0.9 0.06666666667)
(1.7 0.9 0.06666666667)
(1.8 0.9 0.06666666667)
(1.9 0.9 0.06666666667)
(2 0.9 0.06666666667)
(2.1 0.9 0.06666666667)
(2.2 0.9 0.06666666667)
(2.3 0.9 0.06666666667)
(2.4 0.9 0.06666666667)
(2.5 0.9 0.06666666667)
(2.6 0.9 0.06666666667)
(2.7 0.9 0.06666666667)
(2.8 0.9 0.06666666667)
(2.9 0.9 0.06666666667)
(3 0.9 0.06666666667)
(3.1 0.9 0.06666666667)
(3.2 0.9 0.06666666667)
(3.3 0.9 0.06666666667)
(3.4 0.9 0.06666666667)
(3.5 0.9 0.06666666667)
(3.6 0.9 0.06666666667)
(3.7 0.9 0.06666666667)
(3.8 0.9 0.06666666667)
(3.9 0.9 0.06666666667)
(4 0.9 0.06666666667)
(0 1 0.06666666667)
(0.1 1 0.06666666667)
(0.2 1 0.06666666667)
(0.3 1 0.06666666667)
(0.4 1 0.06666666667)
(0.5 1 0.06666666667)
(0.6 1 0.06666666667)
(0.7 1 0.06666666667)
(0.8 1 0.06666666667)
(0.9 1 0.06666666667)
(1 1 0.06666666667)
(1.1 1 0.06666666667)
(1.2 1 0.06666666667)
(1.3 1 0.06666666667)
(1.4 1 0.06666666667)
(1.5 1 0.06666666667)
(1.6 1 0.06666666667)
(1.7 1 0.06666666667)
(1.8 1 0.06666666667)
(1.9 1 0.06666666667)
(2 1 0.06666666667)
(2.1 1 0.06666666667)
(2.2 1 0.06666666667)
(2.3 1 0.06666666667)
(2.4 1 0.06666666667)
(2.5 1 0.06666666667)
(2.6 1 0.06666666667)
(2.7 1 0.06666666667)
(2.8 1 0.06666666667)
(2.9 1 0.06666666667)
(3 1 0.06666666667)
(3.1 1 0.06666666667)
(3.2 1 0.06666666667)
(3.3 1 0.06666666667)
(3.4 1 0.06666666667)
(3.5 1 0.06666666667)
(3.6 1 0.06666666667)
(3.7 1 0.06666666667)
(3.8 1 0.06666666667)
(3.9 1 0.06666666667)
(4 1 0.06666666667)
(0 0 0.08333333333)
(0.1 0 0.08333333333)
(0.2 0 0.08333333333)
(0.3 0 0.08333333333)
(0.4 0 0.08333333333)
(0.5 0 0.08333333333)
(0.6 0 0.08333333333)
(0.7 0 0.08333333333)
(0.8 0 0.08333333333)
(0.9 0 0.08333333333)
(1 0 0.08333333333)
(1.1 0 0.08333333333)
(1.2 0 0.08333333333)
(1.3 0 0.08333333333)
(1.4 0 0.08333333333)
(1.5 0 0.08333333333)
(1.6 0 0.08333333333)
(1.7 0 0.08333333333)
(1.8 0 0.08333333333)
(1.9 0 0.08333333333)
(2 0 0.08333333333)
(2.1 0 0.08333333333)
(2.2 0 0.08333333333)
(2.3 0 0.08333333333)
(2.4 0 0.08333333333)
(2.5 0 0.08333333333)
(2.6 0 0.08333333333)
(2.7 0 0.08333333333)
(2.8 0 0.08333333333)
(2.9 0 0.08333333333)
(3 0 0.08333333333)
(3.1 0 0.08333333333)
(3.2 0 0.08333333333)
(3.3 0 0.08333333333)
(3.4 0 0.08333333333)
(3.5 0 0.08333333333)
(3.6 0 0.08333333333)
(3.7 0 0.08333333333)
(3.8 0 0.08333333333)
(3.9 0 0.08333333333)
(4 0 0.08333333333)
(0 0.1 0.08333333333)
(0.1 0.1 0.08333333333)
(0.2 0.1 0.08333333333)
(0.3 0.1 0.08333333333)
(0.4 0.1 0.08333333333)
(0.5 0.1 0.08333333333)
(0.6 0.1 0.08333333333)
(0.7 0.1 0.08333333333)
(0.8 0.1 0.08333333333)
(0.9 0.1 0.08333333333)
(1 0.1 0.08333333333)
(1.1 0.1 0.08333333333)
(1.2 0.1 0.08333333333)
(1.3 0.1 0.08333333333)
(1.4 0.1 0.08333333333)
(1.5 0.1 0.08333333333)
(1.6 0.1 0.08333333333)
(1.7 0.1 0.08333333333)
(1.8 0.1 0.08333333333)
(1.9 0.1 0.08333333333)
(2 0.1 0.08333333333)
(2.1 0.1 0.08333333333)
(2.2 0.1 0.08333333333)
(2.3 0.1 0.08333333333)
(2.4 0.1 0.08333333333)
(2.5 0.1 0.08333333333)
(2.6 0.1 0.08333333333)
(2.7 0.1 0.08333333333)
(2.8 0.1 0.08333333333)
(2.9 0.1 0.08333333333)
(3 0.1 0.08333333333)
(3.1 0.1 0.08333333333)
(3.2 0.1 0.08333333333)
(3.3 0.1 0.08333333333)
(3.4 0.1 0.08333333333)
(3.5 0.1 0.08333333333)
(3.6 0.1 0.08333333333)
(3.7 0.1 0.08333333333)
(3.8 0.1 0.08333333333)
(3.9 0.1 0.08333333333)
(4 0.1 0.08333333333)
(0 0.2 0.08333333333)
(0.1 0.2 0.08333333333)
(0.2 0.2 0.08333333333)
(0.3 0.2 0.08333333333)
(0.4 0.2 0.08333333333)
(0.5 0.2 0.08333333333)
(0.6 0.2 0.08333333333)
(0.7 0.2 0.08333333333)
(0.8 0.2 0.08333333333)
(0.9 0.2 0.08333333333)
(1 0.2 0.08333333333)
(1.1 0.2 0.08333333333)
(1.2 0.2 0.08333333333)
(1.3 0.2 0.08333333333)
(1.4 0.2 0.08333333333)
(1.5 0.2 0.08333333333)
(1.6 0.2 0.08333333333)
(1.7 0.2 0.08333333333)
(1.8 0.2 0.08333333333)
(1.9 0.2 0.08333333333)
(2 0.2 0.08333333333)
(2.1 0.2 0.08333333333)
(2.2 0.2 0.08333333333)
(2.3 0.2 0.08333333333)
(2.4 0.2 0.08333333333)
(2.5 0.2 0.08333333333)
(2.6 0.2 0.08333333333)
(2.7 0.2 0.08333333333)
(2.8 0.2 0.08333333333)
(2.9 0.2 0.08333333333)
(3 0.2 0.08333333333)
(3.1 0.2 0.08333333333)
(3.2 0.2 0.08333333333)
(3.3 0.2 0.08333333333)
(3.4 0.2 0.08333333333)
(3.5 0.2 0.08333333333)
(3.6 0.2 0.08333333333)
(3.7 0.2 0.08333333333)
(3.8 0.2 0.08333333333)
(3.9 0.2 0.08333333333)
(4 0.2 0.08333333333)
(0 0.3 0.08333333333)
(0.1 0.3 0.08333333333)
(0.2 0.3 0.08333333333)
(0.3 0.3 0.08333333333)
(0.4 0.3 0.08333333333)
(0.5 0.3 0.08333333333)
(0.6 0.3 0.08333333333)
(0.7 0.3 0.08333333333)
(0.8 0.3 0.08333333333)
(0.9 0.3 0.08333333333)
(1 0.3 0.08333333333)
(1.1 0.3 0.08333333333)
(1.2 0.3 0.08333333333)
(1.3 0.3 0.08333333333)
(1.4 0.3 0.08333333333)
(1.5 0.3 0.08333333333)
(1.6 0.3 0.08333333333)
(1.7 0.3 0.08333333333)
(1.8 0.3 0.08333333333)
(1.9 0.3 0.08333333333)
(2 0.3 0.08333333333)
(2.1 0.3 0.08333333333)
(2.2 0.3 0.08333333333)
(2.3 0.3 0.08333333333)
(2.4 0.3 0.08333333333)
(2.5 0.3 0.08333333333)
(2.6 0.3 0.08333333333)
(2.7 0.3 0.08333333333)
(2.8 0.3 0.08333333333)
(2.9 0.3 0.08333333333)
(3 0.3 0.08333333333)
(3.1 0.3 0.08333333333)
(3.2 0.3 0.08333333333)
(3.3 0.3 0.08333333333)
(3.4 0.3 0.08333333333)
(3.5 0.3 0.08333333333)
(3.6 0.3 0.08333333333)
(3.7 0.3 0.08333333333)
(3.8 0.3 0.08333333333)
(3.9 0.3 0.08333333333)
(4 0.3 0.08333333333)
(0 0.4 0.08333333333)
(0.1 0.4 0.08333333333)
(0.2 0.4 0.08333333333)
(0.3 0.4 0.08333333333)
(0.4 0.4 0.08333333333)
(0.5 0.4 0.08333333333)
(0.6 0.4 0.08333333333)
(0.7 0.4 0.08333333333)
(0.8 0.4 0.08333333333)
(0.9 0.4 0.08333333333)
(1 0.4 0.08333333333)
(1.1 0.4 0.08333333333)
(1.2 0.4 0.08333333333)
(1.3 0.4 0.08333333333)
(1.4 0.4 0.08333333333)
(1.5 0.4 0.08333333333)
(1.6 0.4 0.08333333333)
(1.7 0.4 0.08333333333)
(1.8 0.4 0.08333333333)
(1.9 0.4 0.08333333333)
(2 0.4 0.08333333333)
(2.1 0.4 0.08333333333)
(2.2 0.4 0.08333333333)
(2.3 0.4 0.08333333333)
(2.4 0.4 0.08333333333)
(2.5 0.4 0.08333333333)
(2.6 0.4 0.08333333333)
(2.7 0.4 0.08333333333)
(2.8 0.4 0.08333333333)
(2.9 0.4 0.08333333333)
(3 0.4 0.08333333333)
(3.1 0.4 0.08333333333)
(3.2 0.4 0.08333333333)
(3.3 0.4 0.08333333333)
(3.4 0.4 0.08333333333)
(3.5 0.4 0.08333333333)
(3.6 0.4 0.08333333333)
(3.7 0.4 0.08333333333)
(3.8 0.4 0.08333333333)
(3.9 0.4 0.08333333333)
(4 0.4 0.08333333333)
(0 0.5 0.08333333333)
(0.1 0.5 0.08333333333)
(0.2 0.5 0.08333333333)
(0.3 0.5 0.08333333333)
(0.4 0.5 0.08333333333)
(0.5 0.5 0.08333333333)
(0.6 0.5 0.08333333333)
(0.7 0.5 0.08333333333)
(0.8 0.5 0.08333333333)
(0.9 0.5 0.08333333333)
(1 0.5 0.08333333333)
(1.1 0.5 0.08333333333)
(1.2 0.5 0.08333333333)
(1.3 0.5 0.08333333333)
(1.4 0.5 0.08333333333)
(1.5 0.5 0.08333333333)
(1.6 0.5 0.08333333333)
(1.7 0.5 0.08333333333)
(1.8 0.5 0.08333333333)
(1.9 0.5 0.08333333333)
(2 0.5 0.08333333333)
(2.1 0.5 0.08333333333)
(2.2 0.5 0.08333333333)
(2.3 0.5 0.08333333333)
(2.4 0.5 0.08333333333)
(2.5 0.5 0.08333333333)
(2.6 0.5 0.08333333333)
(2.7 0.5 0.08333333333)
(2.8 0.5 0.08333333333)
(2.9 0.5 0.08333333333)
(3 0.5 0.08333333333)
(3.1 0.5 0.08333333333)
(3.2 0.5 0.08333333333)
(3.3 0.5 0.08333333333)
(3.4 0.5 0.08333333333)
(3.5 0.5 0.08333333333)
(3.6 0.5 0.08333333333)
(3.7 0.5 0.08333333333)
(3.8 0.5 0.08333333333)
(3.9 0.5 0.08333333333)
(4 0.5 0.08333333333)
(0 0.6 0.08333333333)
(0.1 0.6 0.08333333333)
(0.2 0.6 0.08333333333)
(0.3 0.6 0.08333333333)
(0.4 0.6 0.08333333333)
(0.5 0.6 0.08333333333)
(0.6 0.6 0.08333333333)
(0.7 0.6 0.08333333333)
(0.8 0.6 0.08333333333)
(0.9 0.6 0.08333333333)
(1 0.6 0.08333333333)
(1.1 0.6 0.08333333333)
(1.2 0.6 0.08333333333)
(1.3 0.6 0.08333333333)
(1.4 0.6 0.08333333333)
(1.5 0.6 0.08333333333)
(1.6 0.6 0.08333333333)
(1.7 0.6 0.08333333333)
(1.8 0.6 0.08333333333)
(1.9 0.6 0.08333333333)
(2 0.6 0.08333333333)
(2.1 0.6 0.08333333333)
(2.2 0.6 0.08333333333)
(2.3 0.6 0.08333333333)
(2.4 0.6 0.08333333333)
(2.5 0.6 0.08333333333)
(2.6 0.6 0.08333333333)
(2.7 0.6 0.08333333333)
(2.8 0.6 0.08333333333)
(2.9 0.6 0.08333333333)
(3 0.6 0.08333333333)
(3.1 0.6 0.08333333333)
(3.2 0.6 0.08333333333)
(3.3 0.6 0.08333333333)
(3.4 0.6 0.08333333333)
(3.5 0.6 0.08333333333)
(3.6 0.6 0.08333333333)
(3.7 0.6 0.08333333333)
(3.8 0.6 0.08333333333)
(3.9 0.6 0.08333333333)
(4 0.6 0.08333333333)
(0 0.7 0.08333333333)
(0.1 0.7 0.08333333333)
(0.2 0.7 0.08333333333)
(0.3 0.7 0.08333333333)
(0.4 0.7 0.08333333333)
(0.5 0.7 0.08333333333)
(0.6 0.7 0.08333333333)
(0.7 0.7 0.08333333333)
(0.8 0.7 0.08333333333)
(0.9 0.7 0.08333333333)
(1 0.7 0.08333333333)
(1.1 0.7 0.08333333333)
(1.2 0.7 0.08333333333)
(1.3 0.7 0.08333333333)
(1.4 0.7 0.08333333333)
(1.5 0.7 0.08333333333)
(1.6 0.7 0.08333333333)
(1.7 0.7 0.08333333333)
(1.8 0.7 0.08333333333)
(1.9 0.7 0.08333333333)
(2 0.7 0.08333333333)
(2.1 0.7 0.08333333333)
(2.2 0.7 0.08333333333)
(2.3 0.7 0.08333333333)
(2.4 0.7 0.08333333333)
(2.5 0.7 0.08333333333)
(2.6 0.7 0.08333333333)
(2.7 0.7 0.08333333333)
(2.8 0.7 0.08333333333)
(2.9 0.7 0.08333333333)
(3 0.7 0.08333333333)
(3.1 0.7 0.08333333333)
(3.2 0.7 0.08333333333)
(3.3 0.7 0.08333333333)
(3.4 0.7 0.08333333333)
(3.5 0.7 0.08333333333)
(3.6 0.7 0.08333333333)
(3.7 0.7 0.08333333333)
(3.8 0.7 0.08333333333)
(3.9 0.7 0.08333333333)
(4 0.7 0.08333333333)
(0 0.8 0.08333333333)
(0.1 0.8 0.08333333333)
(0.2 0.8 0.08333333333)
(0.3 0.8 0.08333333333)
(0.4 0.8 0.08333333333)
(0.5 0.8 0.08333333333)
(0.6 0.8 0.08333333333)
(0.7 0.8 0.08333333333)
(0.8 0.8 0.08333333333)
(0.9 0.8 0.08333333333)
(1 0.8 0.08333333333)
(1.1 0.8 0.08333333333)
(1.2 0.8 0.08333333333)
(1.3 0.8 0.08333333333)
(1.4 0.8 0.08333333333)
(1.5 0.8 0.08333333333)
(1.6 0.8 0.08333333333)
(1.7 0.8 0.08333333333)
(1.8 0.8 0.08333333333)
(1.9 0.8 0.08333333333)
(2 0.8 0.08333333333)
(2.1 0.8 0.08333333333)
(2.2 0.8 0.08333333333)
(2.3 0.8 0.08333333333)
(2.4 0.8 0.08333333333)
(2.5 0.8 0.08333333333)
(2.6 0.8 0.08333333333)
(2.7 0.8 0.08333333333)
(2.8 0.8 0.08333333333)
(2.9 0.8 0.08333333333)
(3 0.8 0.08333333333)
(3.1 0.8 0.08333333333)
(3.2 0.8 0.08333333333)
(3.3 0.8 0.08333333333)
(3.4 0.8 0.08333333333)
(3.5 0.8 0.08333333333)
(3.6 0.8 0.08333333333)
(3.7 0.8 0.08333333333)
(3.8 0.8 0.08333333333)
(3.9 0.8 0.08333333333)
(4 0.8 0.08333333333)
(0 0.9 0.08333333333)
(0.1 0.9 0.08333333333)
(0.2 0.9 0.08333333333)
(0.3 0.9 0.08333333333)
(0.4 0.9 0.08333333333)
(0.5 0.9 0.08333333333)
(0.6 0.9 0.08333333333)
(0.7 0.9 0.08333333333)
(0.8 0.9 0.08333333333)
(0.9 0.9 0.08333333333)
(1 0.9 0.08333333333)
(1.1 0.9 0.08333333333)
(1.2 0.9 0.08333333333)
(1.3 0.9 0.08333333333)
(1.4 0.9 0.08333333333)
(1.5 0.9 0.08333333333)
(1.6 0.9 0.08333333333)
(1.7 0.9 0.08333333333)
(1.8 0.9 0.08333333333)
(1.9 0.9 0.08333333333)
(2 0.9 0.08333333333)
(2.1 0.9 0.08333333333)
(2.2 0.9 0.08333333333)
(2.3 0.9 0.08333333333)
(2.4 0.9 0.08333333333)
(2.5 0.9 0.08333333333)
(2.6 0.9 0.08333333333)
(2.7 0.9 0.08333333333)
(2.8 0.9 0.08333333333)
(2.9 0.9 0.08333333333)
(3 0.9 0.08333333333)
(3.1 0.9 0.08333333333)
(3.2 0.9 0.08333333333)
(3.3 0.9 0.08333333333)
(3.4 0.9 0.08333333333)
(3.5 0.9 0.08333333333)
(3.6 0.9 0.08333333333)
(3.7 0.9 0.08333333333)
(3.8 0.9 0.08333333333)
(3.9 0.9 0.08333333333)
(4 0.9 0.08333333333)
(0 1 0.08333333333)
(0.1 1 0.08333333333)
(0.2 1 0.08333333333)
(0.3 1 0.08333333333)
(0.4 1 0.08333333333)
(0.5 1 0.08333333333)
(0.6 1 0.08333333333)
(0.7 1 0.08333333333)
(0.8 1 0.08333333333)
(0.9 1 0.08333333333)
(1 1 0.08333333333)
(1.1 1 0.08333333333)
(1.2 1 0.08333333333)
(1.3 1 0.08333333333)
(1.4 1 0.08333333333)
(1.5 1 0.08333333333)
(1.6 1 0.08333333333)
(1.7 1 0.08333333333)
(1.8 1 0.08333333333)
(1.9 1 0.08333333333)
(2 1 0.08333333333)
(2.1 1 0.08333333333)
(2.2 1 0.08333333333)
(2.3 1 0.08333333333)
(2.4 1 0.08333333333)
(2.5 1 0.08333333333)
(2.6 1 0.08333333333)
(2.7 1 0.08333333333)
(2.8 1 0.08333333333)
(2.9 1 0.08333333333)
(3 1 0.08333333333)
(3.1 1 0.08333333333)
(3.2 1 0.08333333333)
(3.3 1 0.08333333333)
(3.4 1 0.08333333333)
(3.5 1 0.08333333333)
(3.6 1 0.08333333333)
(3.7 1 0.08333333333)
(3.8 1 0.08333333333)
(3.9 1 0.08333333333)
(4 1 0.08333333333)
(0 0 0.1)
(0.1 0 0.1)
(0.2 0 0.1)
(0.3 0 0.1)
(0.4 0 0.1)
(0.5 0 0.1)
(0.6 0 0.1)
(0.7 0 0.1)
(0.8 0 0.1)
(0.9 0 0.1)
(1 0 0.1)
(1.1 0 0.1)
(1.2 0 0.1)
(1.3 0 0.1)
(1.4 0 0.1)
(1.5 0 0.1)
(1.6 0 0.1)
(1.7 0 0.1)
(1.8 0 0.1)
(1.9 0 0.1)
(2 0 0.1)
(2.1 0 0.1)
(2.2 0 0.1)
(2.3 0 0.1)
(2.4 0 0.1)
(2.5 0 0.1)
(2.6 0 0.1)
(2.7 0 0.1)
(2.8 0 0.1)
(2.9 0 0.1)
(3 0 0.1)
(3.1 0 0.1)
(3.2 0 0.1)
(3.3 0 0.1)
(3.4 0 0.1)
(3.5 0 0.1)
(3.6 0 0.1)
(3.7 0 0.1)
(3.8 0 0.1)
(3.9 0 0.1)
(4 0 0.1)
(0 0.1 0.1)
(0.1 0.1 0.1)
(0.2 0.1 0.1)
(0.3 0.1 0.1)
(0.4 0.1 0.1)
(0.5 0.1 0.1)
(0.6 0.1 0.1)
(0.7 0.1 0.1)
(0.8 0.1 0.1)
(0.9 0.1 0.1)
(1 0.1 0.1)
(1.1 0.1 0.1)
(1.2 0.1 0.1)
(1.3 0.1 0.1)
(1.4 0.1 0.1)
(1.5 0.1 0.1)
(1.6 0.1 0.1)
(1.7 0.1 0.1)
(1.8 0.1 0.1)
(1.9 0.1 0.1)
(2 0.1 0.1)
(2.1 0.1 0.1)
(2.2 0.1 0.1)
(2.3 0.1 0.1)
(2.4 0.1 0.1)
(2.5 0.1 0.1)
(2.6 0.1 0.1)
(2.7 0.1 0.1)
(2.8 0.1 0.1)
(2.9 0.1 0.1)
(3 0.1 0.1)
(3.1 0.1 0.1)
(3.2 0.1 0.1)
(3.3 0.1 0.1)
(3.4 0.1 0.1)
(3.5 0.1 0.1)
(3.6 0.1 0.1)
(3.7 0.1 0.1)
(3.8 0.1 0.1)
(3.9 0.1 0.1)
(4 0.1 0.1)
(0 0.2 0.1)
(0.1 0.2 0.1)
(0.2 0.2 0.1)
(0.3 0.2 0.1)
(0.4 0.2 0.1)
(0.5 0.2 0.1)
(0.6 0.2 0.1)
(0.7 0.2 0.1)
(0.8 0.2 0.1)
(0.9 0.2 0.1)
(1 0.2 0.1)
(1.1 0.2 0.1)
(1.2 0.2 0.1)
(1.3 0.2 0.1)
(1.4 0.2 0.1)
(1.5 0.2 0.1)
(1.6 0.2 0.1)
(1.7 0.2 0.1)
(1.8 0.2 0.1)
(1.9 0.2 0.1)
(2 0.2 0.1)
(2.1 0.2 0.1)
(2.2 0.2 0.1)
(2.3 0.2 0.1)
(2.4 0.2 0.1)
(2.5 0.2 0.1)
(2.6 0.2 0.1)
(2.7 0.2 0.1)
(2.8 0.2 0.1)
(2.9 0.2 0.1)
(3 0.2 0.1)
(3.1 0.2 0.1)
(3.2 0.2 0.1)
(3.3 0.2 0.1)
(3.4 0.2 0.1)
(3.5 0.2 0.1)
(3.6 0.2 0.1)
(3.7 0.2 0.1)
(3.8 0.2 0.1)
(3.9 0.2 0.1)
(4 0.2 0.1)
(0 0.3 0.1)
(0.1 0.3 0.1)
(0.2 0.3 0.1)
(0.3 0.3 0.1)
(0.4 0.3 0.1)
(0.5 0.3 0.1)
(0.6 0.3 0.1)
(0.7 0.3 0.1)
(0.8 0.3 0.1)
(0.9 0.3 0.1)
(1 0.3 0.1)
(1.1 0.3 0.1)
(1.2 0.3 0.1)
(1.3 0.3 0.1)
(1.4 0.3 0.1)
(1.5 0.3 0.1)
(1.6 0.3 0.1)
(1.7 0.3 0.1)
(1.8 0.3 0.1)
(1.9 0.3 0.1)
(2 0.3 0.1)
(2.1 0.3 0.1)
(2.2 0.3 0.1)
(2.3 0.3 0.1)
(2.4 0.3 0.1)
(2.5 0.3 0.1)
(2.6 0.3 0.1)
(2.7 0.3 0.1)
(2.8 0.3 0.1)
(2.9 0.3 0.1)
(3 0.3 0.1)
(3.1 0.3 0.1)
(3.2 0.3 0.1)
(3.3 0.3 0.1)
(3.4 0.3 0.1)
(3.5 0.3 0.1)
(3.6 0.3 0.1)
(3.7 0.3 0.1)
(3.8 0.3 0.1)
(3.9 0.3 0.1)
(4 0.3 0.1)
(0 0.4 0.1)
(0.1 0.4 0.1)
(0.2 0.4 0.1)
(0.3 0.4 0.1)
(0.4 0.4 0.1)
(0.5 0.4 0.1)
(0.6 0.4 0.1)
(0.7 0.4 0.1)
(0.8 0.4 0.1)
(0.9 0.4 0.1)
(1 0.4 0.1)
(1.1 0.4 0.1)
(1.2 0.4 0.1)
(1.3 0.4 0.1)
(1.4 0.4 0.1)
(1.5 0.4 0.1)
(1.6 0.4 0.1)
(1.7 0.4 0.1)
(1.8 0.4 0.1)
(1.9 0.4 0.1)
(2 0.4 0.1)
(2.1 0.4 0.1)
(2.2 0.4 0.1)
(2.3 0.4 0.1)
(2.4 0.4 0.1)
(2.5 0.4 0.1)
(2.6 0.4 0.1)
(2.7 0.4 0.1)
(2.8 0.4 0.1)
(2.9 0.4 0.1)
(3 0.4 0.1)
(3.1 0.4 0.1)
(3.2 0.4 0.1)
(3.3 0.4 0.1)
(3.4 0.4 0.1)
(3.5 0.4 0.1)
(3.6 0.4 0.1)
(3.7 0.4 0.1)
(3.8 0.4 0.1)
(3.9 0.4 0.1)
(4 0.4 0.1)
(0 0.5 0.1)
(0.1 0.5 0.1)
(0.2 0.5 0.1)
(0.3 0.5 0.1)
(0.4 0.5 0.1)
(0.5 0.5 0.1)
(0.6 0.5 0.1)
(0.7 0.5 0.1)
(0.8 0.5 0.1)
(0.9 0.5 0.1)
(1 0.5 0.1)
(1.1 0.5 0.1)
(1.2 0.5 0.1)
(1.3 0.5 0.1)
(1.4 0.5 0.1)
(1.5 0.5 0.1)
(1.6 0.5 0.1)
(1.7 0.5 0.1)
(1.8 0.5 0.1)
(1.9 0.5 0.1)
(2 0.5 0.1)
(2.1 0.5 0.1)
(2.2 0.5 0.1)
(2.3 0.5 0.1)
(2.4 0.5 0.1)
(2.5 0.5 0.1)
(2.6 0.5 0.1)
(2.7 0.5 0.1)
(2.8 0.5 0.1)
(2.9 0.5 0.1)
(3 0.5 0.1)
(3.1 0.5 0.1)
(3.2 0.5 0.1)
(3.3 0.5 0.1)
(3.4 0.5 0.1)
(3.5 0.5 0.1)
(3.6 0.5 0.1)
(3.7 0.5 0.1)
(3.8 0.5 0.1)
(3.9 0.5 0.1)
(4 0.5 0.1)
(0 0.6 0.1)
(0.1 0.6 0.1)
(0.2 0.6 0.1)
(0.3 0.6 0.1)
(0.4 0.6 0.1)
(0.5 0.6 0.1)
(0.6 0.6 0.1)
(0.7 0.6 0.1)
(0.8 0.6 0.1)
(0.9 0.6 0.1)
(1 0.6 0.1)
(1.1 0.6 0.1)
(1.2 0.6 0.1)
(1.3 0.6 0.1)
(1.4 0.6 0.1)
(1.5 0.6 0.1)
(1.6 0.6 0.1)
(1.7 0.6 0.1)
(1.8 0.6 0.1)
(1.9 0.6 0.1)
(2 0.6 0.1)
(2.1 0.6 0.1)
(2.2 0.6 0.1)
(2.3 0.6 0.1)
(2.4 0.6 0.1)
(2.5 0.6 0.1)
(2.6 0.6 0.1)
(2.7 0.6 0.1)
(2.8 0.6 0.1)
(2.9 0.6 0.1)
(3 0.6 0.1)
(3.1 0.6 0.1)
(3.2 0.6 0.1)
(3.3 0.6 0.1)
(3.4 0.6 0.1)
(3.5 0.6 0.1)
(3.6 0.6 0.1)
(3.7 0.6 0.1)
(3.8 0.6 0.1)
(3.9 0.6 0.1)
(4 0.6 0.1)
(0 0.7 0.1)
(0.1 0.7 0.1)
(0.2 0.7 0.1)
(0.3 0.7 0.1)
(0.4 0.7 0.1)
(0.5 0.7 0.1)
(0.6 0.7 0.1)
(0.7 0.7 0.1)
(0.8 0.7 0.1)
(0.9 0.7 0.1)
(1 0.7 0.1)
(1.1 0.7 0.1)
(1.2 0.7 0.1)
(1.3 0.7 0.1)
(1.4 0.7 0.1)
(1.5 0.7 0.1)
(1.6 0.7 0.1)
(1.7 0.7 0.1)
(1.8 0.7 0.1)
(1.9 0.7 0.1)
(2 0.7 0.1)
(2.1 0.7 0.1)
(2.2 0.7 0.1)
(2.3 0.7 0.1)
(2.4 0.7 0.1)
(2.5 0.7 0.1)
(2.6 0.7 0.1)
(2.7 0.7 0.1)
(2.8 0.7 0.1)
(2.9 0.7 0.1)
(3 0.7 0.1)
(3.1 0.7 0.1)
(3.2 0.7 0.1)
(3.3 0.7 0.1)
(3.4 0.7 0.1)
(3.5 0.7 0.1)
(3.6 0.7 0.1)
(3.7 0.7 0.1)
(3.8 0.7 0.1)
(3.9 0.7 0.1)
(4 0.7 0.1)
(0 0.8 0.1)
(0.1 0.8 0.1)
(0.2 0.8 0.1)
(0.3 0.8 0.1)
(0.4 0.8 0.1)
(0.5 0.8 0.1)
(0.6 0.8 0.1)
(0.7 0.8 0.1)
(0.8 0.8 0.1)
(0.9 0.8 0.1)
(1 0.8 0.1)
(1.1 0.8 0.1)
(1.2 0.8 0.1)
(1.3 0.8 0.1)
(1.4 0.8 0.1)
(1.5 0.8 0.1)
(1.6 0.8 0.1)
(1.7 0.8 0.1)
(1.8 0.8 0.1)
(1.9 0.8 0.1)
(2 0.8 0.1)
(2.1 0.8 0.1)
(2.2 0.8 0.1)
(2.3 0.8 0.1)
(2.4 0.8 0.1)
(2.5 0.8 0.1)
(2.6 0.8 0.1)
(2.7 0.8 0.1)
(2.8 0.8 0.1)
(2.9 0.8 0.1)
(3 0.8 0.1)
(3.1 0.8 0.1)
(3.2 0.8 0.1)
(3.3 0.8 0.1)
(3.4 0.8 0.1)
(3.5 0.8 0.1)
(3.6 0.8 0.1)
(3.7 0.8 0.1)
(3.8 0.8 0.1)
(3.9 0.8 0.1)
(4 0.8 0.1)
(0 0.9 0.1)
(0.1 0.9 0.1)
(0.2 0.9 0.1)
(0.3 0.9 0.1)
(0.4 0.9 0.1)
(0.5 0.9 0.1)
(0.6 0.9 0.1)
(0.7 0.9 0.1)
(0.8 0.9 0.1)
(0.9 0.9 0.1)
(1 0.9 0.1)
(1.1 0.9 0.1)
(1.2 0.9 0.1)
(1.3 0.9 0.1)
(1.4 0.9 0.1)
(1.5 0.9 0.1)
(1.6 0.9 0.1)
(1.7 0.9 0.1)
(1.8 0.9 0.1)
(1.9 0.9 0.1)
(2 0.9 0.1)
(2.1 0.9 0.1)
(2.2 0.9 0.1)
(2.3 0.9 0.1)
(2.4 0.9 0.1)
(2.5 0.9 0.1)
(2.6 0.9 0.1)
(2.7 0.9 0.1)
(2.8 0.9 0.1)
(2.9 0.9 0.1)
(3 0.9 0.1)
(3.1 0.9 0.1)
(3.2 0.9 0.1)
(3.3 0.9 0.1)
(3.4 0.9 0.1)
(3.5 0.9 0.1)
(3.6 0.9 0.1)
(3.7 0.9 0.1)
(3.8 0.9 0.1)
(3.9 0.9 0.1)
(4 0.9 0.1)
(0 1 0.1)
(0.1 1 0.1)
(0.2 1 0.1)
(0.3 1 0.1)
(0.4 1 0.1)
(0.5 1 0.1)
(0.6 1 0.1)
(0.7 1 0.1)
(0.8 1 0.1)
(0.9 1 0.1)
(1 1 0.1)
(1.1 1 0.1)
(1.2 1 0.1)
(1.3 1 0.1)
(1.4 1 0.1)
(1.5 1 0.1)
(1.6 1 0.1)
(1.7 1 0.1)
(1.8 1 0.1)
(1.9 1 0.1)
(2 1 0.1)
(2.1 1 0.1)
(2.2 1 0.1)
(2.3 1 0.1)
(2.4 1 0.1)
(2.5 1 0.1)
(2.6 1 0.1)
(2.7 1 0.1)
(2.8 1 0.1)
(2.9 1 0.1)
(3 1 0.1)
(3.1 1 0.1)
(3.2 1 0.1)
(3.3 1 0.1)
(3.4 1 0.1)
(3.5 1 0.1)
(3.6 1 0.1)
(3.7 1 0.1)
(3.8 1 0.1)
(3.9 1 0.1)
(4 1 0.1)
)


// ************************************************************************* //
